GH76.hmm	358	gene_10003	416	9e-34	30	328	74	383	0.832402234636871
GH43.hmm	248	gene_10152	932	1e-38	2	244	481	792	0.975806451612903
CE6.hmm	99	gene_10152	932	3.6e-07	2	95	164	268	0.939393939393939
CBM6.hmm	138	gene_10152	932	9.2e-17	16	138	817	932	0.884057971014493
GH2.hmm	752	gene_10169	1031	2.7e-221	17	750	35	912	0.974734042553192
CBM34.hmm	120	gene_10173	182	6.1e-06	4	113	9	121	0.908333333333333
GT35.hmm	674	gene_10174	801	5.2e-251	2	673	91	794	0.995548961424332
CBM32.hmm	124	gene_10196	1071	8.2e-10	20	109	197	292	0.717741935483871
GH13_8.hmm	274	gene_10209	669	1.4e-107	1	274	219	510	0.996350364963504
CBM48.hmm	76	gene_10209	669	8.1e-12	3	72	52	135	0.907894736842105
GH2.hmm	752	gene_10221	1052	7.6e-221	14	749	68	923	0.977393617021277
GH109.hmm	126	gene_10238	326	2.4e-13	2	120	2	111	0.936507936507937
GH78.hmm	504	gene_10260	714	9.5e-119	4	483	191	677	0.950396825396825
GH141.hmm	527	gene_10261	336	3.9e-124	253	527	6	297	0.519924098671727
GH106.hmm	824	gene_10304	1055	1.3e-216	94	821	340	1055	0.882281553398058
GH33.hmm	342	gene_10312	343	2.2e-09	120	323	24	254	0.593567251461988
GT2.hmm	168	gene_10329	329	2.4e-21	4	166	10	178	0.964285714285714
CE1.hmm	227	gene_10339	293	6.1e-24	1	175	36	222	0.766519823788546
GH1.hmm	429	gene_1035	478	1.3e-148	4	428	2	475	0.988344988344988
GH2.hmm	752	gene_10377	825	3.3e-117	25	475	20	617	0.598404255319149
GH20.hmm	337	gene_10392	719	3e-102	8	336	139	492	0.973293768545994
GH106.hmm	824	gene_10404	913	0	3	823	12	908	0.995145631067961
GH2.hmm	752	gene_10425	1051	2.4e-217	20	751	51	921	0.972074468085106
CE1.hmm	227	gene_10512	260	3.6e-52	1	220	21	251	0.964757709251101
GH97.hmm	631	gene_1057	632	3.4e-188	12	630	7	631	0.979397781299525
GH5_4.hmm	268	gene_10585	243	4.9e-49	85	263	3	204	0.664179104477612
GH33.hmm	342	gene_10648	543	2e-94	9	330	164	528	0.93859649122807
GH43_35.hmm	264	gene_10667	469	4e-87	20	263	1	314	0.920454545454545
CBM6.hmm	138	gene_10667	469	9.3e-08	39	128	375	460	0.644927536231884
GH3.hmm	216	gene_10672	392	3.1e-60	7	216	107	335	0.967592592592593
CBM32.hmm	124	gene_10701	479	0.00024	18	88	103	182	0.564516129032258
CBM32.hmm	124	gene_10701	479	4.7e-15	14	122	259	375	0.870967741935484
GH26.hmm	303	gene_10702	394	1.7e-59	2	275	29	333	0.900990099009901
CBM67.hmm	176	gene_10725	915	2.3e-36	7	168	158	329	0.914772727272727
GH78.hmm	504	gene_10725	915	2.5e-148	1	503	354	869	0.996031746031746
GT2.hmm	168	gene_10729	277	2.6e-23	26	166	8	151	0.833333333333333
GH25.hmm	177	gene_10796	474	7.7e-44	1	176	277	461	0.988700564971751
GH55.hmm	740	gene_10848	1005	7.3e-93	22	617	32	619	0.804054054054054
GH2.hmm	752	gene_10914	871	1.2e-132	179	749	19	706	0.757978723404255
CBM48.hmm	76	gene_10926	650	1.8e-15	1	71	25	109	0.921052631578947
GH31.hmm	427	gene_10952	960	3.4e-145	1	427	382	849	0.997658079625293
CE9.hmm	373	gene_10962	379	4.6e-121	2	373	4	375	0.994638069705094
CBM50.hmm	40	gene_10988	293	1.8e-12	1	38	250	291	0.925
GT2.hmm	168	gene_11004	241	4.8e-29	2	168	5	171	0.988095238095238
CE10.hmm	341	gene_11050	270	1.9e-32	66	331	16	256	0.777126099706745
GH2.hmm	752	gene_11051	976	4.7e-126	33	623	56	738	0.784574468085106
GH13_4.hmm	398	gene_1108	343	9.7e-83	188	398	1	211	0.527638190954774
GT2.hmm	168	gene_11097	264	1e-12	56	166	1	109	0.654761904761905
GT2.hmm	168	gene_11098	336	2.1e-32	1	122	16	136	0.720238095238095
GT2.hmm	168	gene_11099	326	2.7e-36	1	120	13	131	0.708333333333333
GH55.hmm	740	gene_11149	983	1.2e-90	39	672	27	659	0.855405405405405
CE14.hmm	124	gene_11218	648	1.9e-12	2	114	380	527	0.903225806451613
GH28.hmm	325	gene_11242	518	6.8e-70	8	309	106	466	0.926153846153846
GT28.hmm	157	gene_1124	375	3.7e-48	2	155	195	358	0.974522292993631
PL6_1.hmm	350	gene_11295	664	5e-08	6	183	34	228	0.505714285714286
GH105.hmm	332	gene_11306	375	4.1e-101	11	331	50	371	0.963855421686747
GH3.hmm	216	gene_11377	355	2.3e-65	3	215	32	252	0.981481481481482
SLH.hmm	42	gene_11380	724	1.9e-09	1	42	79	120	0.976190476190476
GT2.hmm	168	gene_11399	265	7.7e-11	63	166	1	102	0.613095238095238
GT2.hmm	168	gene_11400	328	9.1e-35	1	167	3	166	0.988095238095238
GH92.hmm	491	gene_11406	735	3e-195	3	491	232	727	0.993890020366599
SLH.hmm	42	gene_11415	52	5.2e-10	17	40	4	27	0.547619047619048
GH106.hmm	824	gene_11459	946	2.1e-74	2	659	13	694	0.797330097087379
CBM20.hmm	90	gene_11504	897	1.1e-17	4	75	4	78	0.788888888888889
CBM20.hmm	90	gene_11504	897	3.7e-16	13	85	145	219	0.8
GH77.hmm	494	gene_11504	897	8e-158	1	490	247	893	0.989878542510121
GH13_11.hmm	346	gene_11518	810	2.5e-113	1	346	225	593	0.997109826589595
GT4.hmm	160	gene_11540	380	3.7e-34	4	159	197	349	0.96875
GH9.hmm	418	gene_1155	830	6e-29	12	361	393	766	0.834928229665072
GH43_22.hmm	203	gene_11630	354	7.2e-52	2	201	56	299	0.980295566502463
CE1.hmm	227	gene_11638	530	1.5e-21	8	198	44	221	0.837004405286344
GT2.hmm	168	gene_1168	806	1.9e-26	1	138	271	409	0.81547619047619
GT2.hmm	168	gene_1168	806	2.7e-17	1	167	529	709	0.988095238095238
GT2.hmm	168	gene_1169	263	2e-10	2	167	5	195	0.982142857142857
GT27.hmm	295	gene_11703	511	9.2e-15	2	250	218	465	0.840677966101695
GH24.hmm	137	gene_11713	177	3e-11	6	137	46	170	0.956204379562044
GH76.hmm	358	gene_11789	409	2.8e-68	23	329	66	390	0.854748603351955
GH125.hmm	402	gene_11790	475	1.2e-186	1	402	62	461	0.997512437810945
CE10.hmm	341	gene_11820	353	3.9e-16	123	332	158	347	0.612903225806452
CE10.hmm	341	gene_11830	297	5.9e-42	81	336	46	296	0.747800586510264
GH23.hmm	135	gene_11856	194	2.5e-27	14	123	57	187	0.807407407407407
GT2.hmm	168	gene_11905	310	3.7e-28	4	165	1	157	0.958333333333333
CBM66.hmm	155	gene_11980	479	4.7e-10	13	154	43	191	0.909677419354839
CE10.hmm	341	gene_11991	315	3.8e-19	66	316	44	297	0.733137829912023
GT51.hmm	177	gene_11996	787	7.1e-62	1	177	47	250	0.994350282485876
CE10.hmm	341	gene_12043	238	4.2e-32	101	334	2	226	0.683284457478006
GH43_31.hmm	272	gene_12057	862	1.2e-113	2	271	11	440	0.988970588235294
GT2.hmm	168	gene_12079	315	1.6e-27	3	163	7	164	0.952380952380952
GH2.hmm	752	gene_12083	894	2e-91	20	491	36	615	0.626329787234043
GH9.hmm	418	gene_12106	894	1.5e-107	1	417	34	472	0.995215311004785
CBM3.hmm	88	gene_12106	894	9.1e-21	2	87	499	586	0.965909090909091
CE7.hmm	313	gene_12117	446	3.4e-08	50	218	162	319	0.536741214057508
GH28.hmm	325	gene_12118	446	1.9e-96	8	309	54	424	0.926153846153846
GH105.hmm	332	gene_12189	714	3.3e-78	6	331	40	365	0.978915662650602
GH43_24.hmm	244	gene_12189	714	8.1e-60	2	226	388	669	0.918032786885246
CBM50.hmm	40	gene_12234	829	4.8e-15	1	40	755	800	0.975
GH43_35.hmm	264	gene_12270	542	8.6e-88	1	263	30	346	0.992424242424242
GH97.hmm	631	gene_12294	825	2.5e-179	55	630	2	594	0.911251980982567
GH3.hmm	216	gene_1231	1000	8.1e-46	23	213	707	899	0.87962962962963
GH2.hmm	752	gene_1232	639	4.1e-104	29	523	4	568	0.656914893617021
CE1.hmm	227	gene_12329	252	5.8e-27	8	208	32	232	0.881057268722467
GH94.hmm	1036	gene_12330	811	1.2e-294	263	1036	2	808	0.746138996138996
GH13_20.hmm	285	gene_12341	333	1.3e-31	91	282	1	202	0.670175438596491
GH2.hmm	752	gene_12391	869	2.7e-96	29	488	32	589	0.610372340425532
CBM48.hmm	76	gene_12392	678	1.5e-12	5	73	61	148	0.894736842105263
GH13_8.hmm	274	gene_12392	678	4.5e-104	1	274	231	521	0.996350364963504
GH29.hmm	346	gene_12404	416	4.5e-105	24	346	9	340	0.930635838150289
GH94.hmm	1036	gene_12455	811	4.1e-300	263	1036	2	808	0.746138996138996
GH73.hmm	128	gene_12459	486	1.1e-37	2	128	3	139	0.984375
CBM50.hmm	40	gene_12459	486	1.2e-13	1	40	440	485	0.975
CE4.hmm	130	gene_12499	836	2e-17	5	125	617	749	0.923076923076923
CBM30.hmm	91	gene_12499	836	7.1e-06	5	88	22	99	0.912087912087912
GH9.hmm	418	gene_12499	836	8.5e-78	2	417	115	588	0.992822966507177
GH2.hmm	752	gene_12508	877	5.9e-59	72	465	10	486	0.522606382978723
CE9.hmm	373	gene_12509	219	2.9e-82	160	373	2	214	0.571045576407507
GT4.hmm	160	gene_12555	435	4.4e-34	8	153	255	397	0.90625
GH57.hmm	383	gene_12556	421	2.3e-65	2	310	6	322	0.804177545691906
GH3.hmm	216	gene_12581	733	5.9e-71	3	216	69	290	0.986111111111111
GH3.hmm	216	gene_12602	528	8.1e-63	3	213	145	367	0.972222222222222
CE1.hmm	227	gene_12608	179	1.9e-18	83	217	3	149	0.590308370044053
GT2.hmm	168	gene_12633	342	1e-21	4	166	10	178	0.964285714285714
GH2.hmm	752	gene_12691	860	1e-119	72	741	3	737	0.889627659574468
GH23.hmm	135	gene_1274	221	4.3e-23	10	124	54	215	0.844444444444444
CBM41.hmm	102	gene_12783	606	5.6e-11	34	101	3	87	0.656862745098039
CBM50.hmm	40	gene_12785	510	8.2e-05	4	28	467	494	0.6
GT4.hmm	160	gene_1279	366	2.8e-30	7	157	174	326	0.9375
GH105.hmm	332	gene_12796	834	2.1e-82	7	331	32	351	0.975903614457831
GT4.hmm	160	gene_1280	395	5.2e-19	8	155	221	361	0.91875
GH3.hmm	216	gene_12806	750	1.3e-71	2	216	29	250	0.990740740740741
GT4.hmm	160	gene_1281	397	1.6e-10	10	133	225	340	0.76875
GT27.hmm	295	gene_12880	387	4.5e-16	2	250	97	344	0.840677966101695
GH31.hmm	427	gene_12912	581	8.4e-134	2	426	45	526	0.992974238875878
GH2.hmm	752	gene_12942	804	1.1e-99	25	465	14	605	0.585106382978723
GH89.hmm	663	gene_12946	743	2.3e-246	2	661	49	738	0.993966817496229
GH5_38.hmm	312	gene_12961	577	4e-64	1	308	227	529	0.983974358974359
GH24.hmm	137	gene_13008	175	5.9e-17	5	137	43	168	0.963503649635037
GH43.hmm	248	gene_13009	803	2.9e-60	3	247	32	306	0.983870967741935
CBM32.hmm	124	gene_13009	803	4.9e-21	10	122	338	452	0.903225806451613
GT2.hmm	168	gene_13025	318	4.5e-33	1	136	7	142	0.803571428571429
CE4.hmm	130	gene_13041	290	6.1e-24	4	125	97	247	0.930769230769231
GH43_19.hmm	251	gene_13094	745	1e-85	2	250	464	719	0.98804780876494
GH43_9.hmm	273	gene_13094	745	8.4e-96	55	273	3	215	0.798534798534799
GH109.hmm	126	gene_13119	327	3.4e-09	2	120	2	112	0.936507936507937
GH20.hmm	337	gene_13153	578	1.3e-115	8	337	77	449	0.976261127596439
GH108.hmm	86	gene_13157	174	1.5e-22	3	86	9	99	0.965116279069767
GH95.hmm	722	gene_13169	814	1e-248	5	718	40	781	0.987534626038781
GH9.hmm	418	gene_13234	813	2.2e-35	6	358	335	759	0.842105263157895
GH43_27.hmm	285	gene_13248	488	1.7e-120	1	285	126	459	0.996491228070175
GH35.hmm	307	gene_13259	760	1e-116	1	306	20	332	0.993485342019544
CBM32.hmm	124	gene_13259	760	3.4e-10	6	69	682	754	0.508064516129032
CE3.hmm	194	gene_1330	220	6.2e-14	50	184	69	209	0.690721649484536
CE2.hmm	209	gene_1331	361	1.3e-54	2	209	146	347	0.990430622009569
CE3.hmm	194	gene_13316	165	5.5e-06	66	190	16	156	0.639175257731959
CE3.hmm	194	gene_1332	229	1.2e-13	54	188	69	210	0.690721649484536
GH77.hmm	494	gene_13324	398	1.5e-147	1	385	11	398	0.777327935222672
GH20.hmm	337	gene_13334	691	1.6e-117	8	336	83	430	0.973293768545994
CBM32.hmm	124	gene_13334	691	2e-11	21	110	579	678	0.717741935483871
GH25.hmm	177	gene_13371	294	8.4e-46	1	177	4	179	0.994350282485876
GT2.hmm	168	gene_13390	326	2.5e-15	2	167	8	178	0.982142857142857
GH109.hmm	126	gene_13453	333	8.8e-12	5	121	1	108	0.920634920634921
dockerin.hmm	21	gene_13488	722	0.00032	1	21	666	686	0.952380952380952
CBM3.hmm	88	gene_13488	722	1.5e-17	1	87	484	573	0.977272727272727
GH9.hmm	418	gene_13488	722	1.7e-117	1	417	34	459	0.995215311004785
GH92.hmm	491	gene_13516	811	6.6e-191	3	491	73	560	0.993890020366599
CE3.hmm	194	gene_13539	300	3.2e-08	69	183	161	283	0.587628865979381
GH3.hmm	216	gene_13546	741	1.7e-67	2	214	61	281	0.981481481481482
GH3.hmm	216	gene_13570	773	7.3e-70	3	215	72	303	0.981481481481482
GH13_9.hmm	291	gene_13592	721	1.6e-141	1	290	184	484	0.993127147766323
CBM48.hmm	76	gene_13592	721	4.3e-21	3	71	32	117	0.894736842105263
GH3.hmm	216	gene_13602	729	1.8e-74	2	216	71	294	0.990740740740741
GH38.hmm	269	gene_13614	806	9.3e-26	33	174	45	194	0.524163568773234
GH13_31.hmm	350	gene_13626	552	5.6e-165	1	349	28	371	0.994285714285714
GH3.hmm	216	gene_13650	744	8.8e-65	3	215	71	291	0.981481481481482
GH32.hmm	293	gene_13659	472	4.1e-69	1	291	30	313	0.989761092150171
GH92.hmm	491	gene_13670	782	5.1e-138	3	491	251	776	0.993890020366599
GT4.hmm	160	gene_13684	383	5.7e-39	10	160	204	353	0.9375
GT4.hmm	160	gene_13685	244	1.3e-34	8	159	65	215	0.94375
GH109.hmm	126	gene_13707	327	4.9e-13	2	122	2	113	0.952380952380952
GH13_41.hmm	116	gene_13709	476	3.1e-06	33	116	188	339	0.71551724137931
AA6.hmm	195	gene_13719	138	1.5e-06	1	108	3	83	0.548717948717949
GT2.hmm	168	gene_1374	333	5.7e-26	2	168	6	177	0.988095238095238
CBM35.hmm	123	gene_13748	300	2.3e-14	15	123	193	296	0.878048780487805
CE2.hmm	209	gene_13750	239	4.4e-09	62	197	84	213	0.645933014354067
dockerin.hmm	21	gene_13766	452	0.00022	2	21	398	417	0.904761904761905
GH5_4.hmm	268	gene_13766	452	1.2e-84	3	263	79	361	0.970149253731343
dockerin.hmm	21	gene_13766	452	7e-05	3	20	433	450	0.80952380952381
GT4.hmm	160	gene_13769	374	3.3e-36	4	159	184	340	0.96875
GT4.hmm	160	gene_13770	160	8.2e-30	41	157	14	129	0.725
GH3.hmm	216	gene_13776	796	2.5e-59	3	215	108	333	0.981481481481482
GH95.hmm	722	gene_13782	794	1.9e-269	10	715	31	778	0.976454293628809
GH25.hmm	177	gene_13792	492	1.3e-43	1	176	299	479	0.988700564971751
GH97.hmm	631	gene_13815	719	3.3e-248	10	630	5	705	0.98256735340729
GT4.hmm	160	gene_13818	257	1.5e-15	12	147	77	217	0.84375
CE7.hmm	313	gene_13883	452	2.2e-07	37	202	128	288	0.527156549520767
GT2.hmm	168	gene_13902	324	1e-32	1	166	6	172	0.982142857142857
GT2.hmm	168	gene_13903	332	1.2e-31	1	164	9	172	0.970238095238095
GH92.hmm	491	gene_13920	718	1.8e-184	3	491	190	696	0.993890020366599
GH43_26.hmm	292	gene_1392	336	9.9e-55	12	292	15	312	0.958904109589041
GH2.hmm	752	gene_1398	1006	5.4e-204	29	748	62	905	0.956117021276596
CE1.hmm	227	gene_13984	271	1.4e-47	1	217	30	257	0.951541850220264
GH88.hmm	329	gene_1400	387	2.6e-123	5	329	51	379	0.984802431610942
GH2.hmm	752	gene_1401	598	3.8e-120	22	489	5	591	0.621010638297872
GH36.hmm	688	gene_14019	736	5.1e-266	4	676	2	687	0.976744186046512
CE1.hmm	227	gene_14036	589	3.1e-23	7	143	311	486	0.599118942731278
CBM51.hmm	134	gene_14079	579	1.9e-33	2	133	28	159	0.977611940298508
GH27.hmm	375	gene_14079	579	2.8e-33	126	342	365	563	0.576
GH28.hmm	325	gene_14087	236	2.6e-22	143	307	8	215	0.504615384615385
GH13_8.hmm	274	gene_14139	675	1e-108	1	274	224	515	0.996350364963504
CBM48.hmm	76	gene_14139	675	6.3e-15	3	73	55	141	0.921052631578947
GH73.hmm	128	gene_1417	518	2.2e-34	2	128	12	144	0.984375
GH20.hmm	337	gene_14176	619	1.4e-69	7	336	105	428	0.976261127596439
GT28.hmm	157	gene_14193	303	7.7e-48	2	155	123	286	0.974522292993631
GT2.hmm	168	gene_14207	433	1.2e-10	1	93	335	430	0.547619047619048
GT2.hmm	168	gene_14207	433	2.3e-14	1	98	74	173	0.577380952380952
GT2.hmm	168	gene_14273	271	7e-19	27	165	5	146	0.821428571428571
CE1.hmm	227	gene_14387	759	7e-10	11	175	567	750	0.722466960352423
GH13_20.hmm	285	gene_14404	352	5e-60	12	282	42	321	0.947368421052632
GH2.hmm	752	gene_1442	1414	4.1e-237	22	749	54	919	0.966755319148936
CBM32.hmm	124	gene_1442	1414	4.6e-21	14	122	1288	1408	0.870967741935484
CBM32.hmm	124	gene_1442	1414	6e-24	8	122	1141	1265	0.919354838709677
GH97.hmm	631	gene_1444	655	8.3e-195	3	630	17	654	0.993660855784469
GH92.hmm	491	gene_14449	658	8.7e-194	4	491	142	649	0.991853360488798
GH3.hmm	216	gene_14491	717	5.5e-67	2	216	83	306	0.990740740740741
GH51.hmm	630	gene_14514	612	5.1e-110	109	542	151	606	0.687301587301587
CBM22.hmm	131	gene_14514	612	8.1e-07	2	126	21	147	0.946564885496183
GH35.hmm	307	gene_14519	752	1e-118	1	306	14	326	0.993485342019544
GT2.hmm	168	gene_14589	747	1.8e-26	1	138	219	357	0.81547619047619
GT2.hmm	168	gene_14589	747	9.4e-18	1	167	477	656	0.988095238095238
CE1.hmm	227	gene_14591	701	6.3e-20	5	209	451	678	0.898678414096916
SLH.hmm	42	gene_14593	699	1.6e-11	1	42	82	123	0.976190476190476
GH125.hmm	402	gene_14646	487	8.8e-185	2	402	71	472	0.995024875621891
CE1.hmm	227	gene_14649	252	2.5e-14	1	217	10	242	0.951541850220264
CE1.hmm	227	gene_14650	257	1e-39	6	220	16	247	0.94273127753304
CBM66.hmm	155	gene_14652	743	1.4e-22	6	155	23	178	0.961290322580645
GH51.hmm	630	gene_14652	743	8.5e-54	130	515	342	725	0.611111111111111
GH28.hmm	325	gene_14654	474	2.4e-62	8	309	47	394	0.926153846153846
CE4.hmm	130	gene_1467	204	2.8e-25	8	121	25	131	0.869230769230769
GH43_17.hmm	270	gene_14691	333	5.8e-100	3	268	39	304	0.981481481481482
GH97.hmm	631	gene_14746	719	9.9e-258	6	630	14	700	0.988906497622821
CBM66.hmm	155	gene_14749	416	9.3e-12	2	148	246	401	0.941935483870968
GH133.hmm	372	gene_14762	657	4.1e-84	10	371	290	632	0.970430107526882
GH2.hmm	752	gene_1478	1089	3.1e-216	21	751	54	954	0.970744680851064
GH43_11.hmm	292	gene_14786	243	2.9e-114	1	238	3	242	0.811643835616438
CE4.hmm	130	gene_14824	283	1.8e-20	5	111	71	181	0.815384615384615
GH23.hmm	135	gene_14828	335	2.7e-12	13	122	68	205	0.807407407407407
GT2.hmm	168	gene_1483	354	2e-33	1	134	7	138	0.791666666666667
GH36.hmm	688	gene_14834	725	7.6e-210	3	686	26	706	0.992732558139535
GH97.hmm	631	gene_14839	712	1.5e-240	4	630	9	698	0.992076069730586
GH43_35.hmm	264	gene_14860	280	2.9e-64	1	179	7	221	0.674242424242424
GH39.hmm	431	gene_14861	375	2.2e-106	121	430	1	310	0.716937354988399
CE1.hmm	227	gene_14892	526	4.5e-14	11	207	294	503	0.863436123348018
GH31.hmm	427	gene_14951	671	3.5e-135	2	427	131	614	0.995316159250585
CE3.hmm	194	gene_14962	225	6.1e-10	5	186	21	213	0.93298969072165
GH23.hmm	135	gene_14994	467	1.2e-22	14	115	314	421	0.748148148148148
GH13_9.hmm	291	gene_15064	472	1.7e-97	3	290	4	290	0.986254295532646
CE1.hmm	227	gene_15101	696	2.2e-17	5	210	447	675	0.903083700440529
GH92.hmm	491	gene_15125	718	1.4e-145	2	435	297	718	0.881873727087576
CBM34.hmm	120	gene_15133	618	4.6e-07	5	116	10	124	0.925
GH13_20.hmm	285	gene_15133	618	8.7e-75	1	284	183	513	0.992982456140351
CBM20.hmm	90	gene_15179	534	1.6e-06	40	86	4	52	0.511111111111111
GH77.hmm	494	gene_15179	534	3e-109	1	310	79	394	0.625506072874494
CBM67.hmm	176	gene_15183	691	5.2e-21	63	171	2	116	0.613636363636364
GH78.hmm	504	gene_15183	691	6.3e-164	3	504	157	673	0.994047619047619
GH43_24.hmm	244	gene_15215	714	2.4e-33	6	238	406	650	0.950819672131147
GH28.hmm	325	gene_15215	714	4.6e-52	62	304	11	305	0.744615384615385
GT35.hmm	674	gene_15219	580	2.1e-196	109	673	1	579	0.836795252225519
GH97.hmm	631	gene_15245	656	6.1e-200	11	630	6	653	0.980982567353407
CBM50.hmm	40	gene_15280	508	9e-06	1	40	460	504	0.975
GT2.hmm	168	gene_15282	323	4.2e-13	2	138	10	157	0.80952380952381
GT2.hmm	168	gene_15309	668	3.2e-15	1	167	244	426	0.988095238095238
PL26.hmm	862	gene_15357	573	1.1e-245	274	858	1	568	0.677494199535963
GT2.hmm	168	gene_15425	327	3.1e-34	1	123	7	128	0.726190476190476
GH36.hmm	688	gene_15461	632	1.5e-241	103	679	2	586	0.837209302325581
GH84.hmm	295	gene_15499	602	4e-107	1	294	151	443	0.993220338983051
CBM66.hmm	155	gene_1552	478	3.6e-09	31	154	61	190	0.793548387096774
GH73.hmm	128	gene_15552	504	6.5e-33	3	128	14	145	0.9765625
GH23.hmm	135	gene_15570	567	7.4e-11	14	121	289	418	0.792592592592593
CBM50.hmm	40	gene_1557	438	1.8e-12	1	39	395	436	0.95
GH23.hmm	135	gene_1557	438	4.6e-24	3	120	137	270	0.866666666666667
GT51.hmm	177	gene_15578	695	3.2e-42	62	177	6	128	0.649717514124294
CBM13.hmm	188	gene_15579	256	8.7e-23	8	141	27	167	0.707446808510638
GH33.hmm	342	gene_15582	357	1.1e-24	21	243	8	253	0.649122807017544
CE14.hmm	124	gene_15643	634	7.6e-09	2	114	353	509	0.903225806451613
dockerin.hmm	21	gene_15644	525	1.1e-05	1	21	462	482	0.952380952380952
GH127.hmm	524	gene_15671	606	1.7e-60	46	524	46	508	0.912213740458015
GH63.hmm	570	gene_15733	682	1.3e-161	12	565	5	679	0.970175438596491
GH29.hmm	346	gene_15737	680	5.4e-91	38	346	23	336	0.890173410404624
GH138.hmm	907	gene_15746	674	0	235	907	1	674	0.74090407938258
CBM48.hmm	76	gene_15761	154	6.7e-08	10	67	39	113	0.75
GT19.hmm	354	gene_15771	382	6.1e-111	2	352	4	359	0.988700564971751
GH3.hmm	216	gene_1577	851	3.5e-70	4	215	43	287	0.976851851851852
GT51.hmm	177	gene_15787	676	5.7e-42	37	175	1	139	0.779661016949153
CE1.hmm	227	gene_15799	256	2.4e-37	6	219	16	246	0.938325991189427
GT4.hmm	160	gene_15850	377	5.3e-25	8	153	195	340	0.90625
GT2.hmm	168	gene_15851	249	1.2e-21	1	128	11	136	0.755952380952381
CBM50.hmm	40	gene_15949	596	2.1e-12	1	40	32	74	0.975
CBM50.hmm	40	gene_15949	596	3.1e-09	1	40	165	209	0.975
CBM50.hmm	40	gene_15949	596	3.6e-08	1	40	86	129	0.975
dockerin.hmm	21	gene_15991	673	0.00087	1	18	624	641	0.80952380952381
GT2.hmm	168	gene_1600	384	4.9e-06	1	118	59	182	0.696428571428571
GT27.hmm	295	gene_16020	217	5.8e-18	1	219	5	217	0.738983050847458
GT2.hmm	168	gene_16028	225	9.8e-22	28	168	9	151	0.833333333333333
PL11.hmm	606	gene_16041	609	5.3e-231	6	567	21	609	0.925742574257426
GH3.hmm	216	gene_16104	665	2.5e-72	2	216	37	259	0.990740740740741
GH51.hmm	630	gene_16117	651	1.5e-115	105	543	182	647	0.695238095238095
CBM16.hmm	116	gene_16117	651	6.8e-07	2	105	54	172	0.887931034482759
GH144.hmm	404	gene_16171	445	5.6e-192	2	403	24	436	0.992574257425743
dockerin.hmm	21	gene_16212	633	0.00074	1	20	578	597	0.904761904761905
GH10.hmm	303	gene_16212	633	1.9e-100	1	302	208	543	0.993399339933993
CBM22.hmm	131	gene_16212	633	8.7e-27	3	129	55	180	0.961832061068702
CE3.hmm	194	gene_16247	353	3.7e-13	1	194	21	211	0.994845360824742
GT20.hmm	475	gene_16251	656	4.2e-152	103	472	1	369	0.776842105263158
CE3.hmm	194	gene_1627	235	7.3e-12	35	183	41	213	0.762886597938144
GH78.hmm	504	gene_16274	654	2.8e-140	4	504	133	629	0.992063492063492
CBM67.hmm	176	gene_16274	654	6.9e-21	69	172	1	109	0.585227272727273
GH43.hmm	248	gene_16294	645	1.4e-63	2	247	340	638	0.987903225806452
GH43_19.hmm	251	gene_16294	645	3.4e-75	2	250	83	314	0.98804780876494
GH38.hmm	269	gene_1634	1190	1.1e-52	1	231	17	249	0.855018587360595
CBM32.hmm	124	gene_1634	1190	9.2e-14	11	110	1068	1173	0.798387096774194
GH3.hmm	216	gene_16364	652	2e-74	3	216	48	269	0.986111111111111
GH127.hmm	524	gene_16373	617	3.3e-39	167	522	51	375	0.677480916030534
CE3.hmm	194	gene_16374	651	1.2e-15	1	192	18	206	0.984536082474227
CE6.hmm	99	gene_16374	651	2.6e-08	2	96	378	505	0.94949494949495
GH109.hmm	126	gene_16378	362	2.3e-35	51	126	2	77	0.595238095238095
GH20.hmm	337	gene_16461	607	4.9e-73	8	336	108	432	0.973293768545994
CBM32.hmm	124	gene_16487	576	5.1e-07	7	109	31	144	0.82258064516129
GH2.hmm	752	gene_16502	593	2.6e-104	23	413	38	496	0.518617021276596
GH78.hmm	504	gene_16549	541	4.9e-101	79	504	61	499	0.843253968253968
GH3.hmm	216	gene_16552	399	8e-40	10	215	131	353	0.949074074074074
dockerin.hmm	21	gene_16554	612	0.00014	2	18	56	72	0.761904761904762
GH5.hmm	275	gene_16554	612	6.9e-37	2	178	95	339	0.64
GH2.hmm	752	gene_1655	815	9.5e-119	30	468	34	579	0.582446808510638
GH30_4.hmm	478	gene_1656	535	1.3e-178	4	478	43	531	0.99163179916318
GH5_4.hmm	268	gene_16622	593	5e-86	3	265	251	563	0.977611940298508
CE10.hmm	341	gene_16644	355	3.1e-18	80	309	99	330	0.671554252199413
CE3.hmm	194	gene_16686	165	1.8e-13	73	183	33	153	0.56701030927835
GT4.hmm	160	gene_16728	381	5.8e-33	10	156	199	345	0.9125
GH94.hmm	1036	gene_16730	634	8.1e-232	327	923	2	634	0.575289575289575
GH31.hmm	427	gene_16732	612	8.1e-93	2	324	283	612	0.754098360655738
GH127.hmm	524	gene_16754	632	2.4e-196	50	524	7	500	0.904580152671756
GH73.hmm	128	gene_16762	493	2.4e-17	60	128	19	91	0.53125
GH1.hmm	429	gene_16796	423	3.1e-133	4	381	3	422	0.878787878787879
GH92.hmm	491	gene_16885	627	1.2e-163	2	439	182	616	0.890020366598778
GT2.hmm	168	gene_16893	322	1e-32	1	122	3	123	0.720238095238095
GH5.hmm	275	gene_16906	626	2.9e-09	11	205	5	384	0.705454545454545
PL12.hmm	138	gene_16991	617	3.7e-07	6	137	386	525	0.949275362318841
GH125.hmm	402	gene_17021	622	3.7e-165	2	388	237	622	0.960199004975124
GH2.hmm	752	gene_17048	621	3.1e-130	27	532	5	614	0.671542553191489
GT28.hmm	157	gene_17050	377	4.3e-46	2	156	193	358	0.980891719745223
GT8.hmm	257	gene_17056	242	1.5e-38	108	255	2	174	0.571984435797665
GH36.hmm	688	gene_17085	592	1.1e-204	141	673	2	537	0.773255813953488
CE4.hmm	130	gene_17101	344	1.6e-27	6	117	107	220	0.853846153846154
GH23.hmm	135	gene_1710	147	2.4e-20	15	123	52	143	0.8
CBM48.hmm	76	gene_1716	646	1.4e-21	3	70	22	105	0.881578947368421
GH13_9.hmm	291	gene_1716	646	2.9e-98	3	290	179	465	0.986254295532646
GH77.hmm	494	gene_17216	614	3.4e-127	1	395	69	612	0.797570850202429
GH13_29.hmm	345	gene_17231	545	3.9e-172	2	345	27	369	0.994202898550725
GT4.hmm	160	gene_17237	364	8.8e-29	7	147	191	327	0.875
GH13_3.hmm	238	gene_17295	470	1.6e-109	2	238	22	258	0.991596638655462
GH97.hmm	631	gene_17315	591	1.6e-198	67	630	1	588	0.892234548335975
CE10.hmm	341	gene_17353	504	4.8e-11	93	309	268	481	0.633431085043988
GH51.hmm	630	gene_17365	502	3.2e-140	85	542	3	502	0.725396825396825
GH77.hmm	494	gene_17396	535	5.2e-131	7	481	1	518	0.959514170040486
GH2.hmm	752	gene_17452	592	9.1e-153	106	612	1	589	0.672872340425532
CBM32.hmm	124	gene_17471	603	1.6e-25	11	122	350	459	0.895161290322581
GH53.hmm	342	gene_17488	561	1.5e-93	1	247	260	503	0.719298245614035
GH53.hmm	342	gene_17488	561	4.2e-68	70	250	1	185	0.526315789473684
CBM50.hmm	40	gene_17522	408	1.2e-08	1	37	362	401	0.9
GH105.hmm	332	gene_17537	602	8.3e-78	6	332	42	368	0.981927710843373
PL9.hmm	374	gene_17562	590	5.3e-111	17	373	2	414	0.951871657754011
GH92.hmm	491	gene_17573	533	2.2e-132	6	481	49	525	0.967413441955194
PL1.hmm	202	gene_17574	600	5.8e-45	34	200	222	392	0.821782178217822
GH73.hmm	128	gene_17594	309	5e-17	2	124	175	304	0.953125
CE7.hmm	313	gene_17600	427	2.9e-86	10	312	123	419	0.964856230031949
GH13_20.hmm	285	gene_17603	318	1.9e-38	111	284	1	213	0.607017543859649
GH38.hmm	269	gene_1765	1147	1.7e-18	1	259	301	573	0.95910780669145
GT83.hmm	540	gene_17656	567	4.2e-82	6	451	4	488	0.824074074074074
CBM13.hmm	188	gene_17768	592	1.9e-20	6	138	157	303	0.702127659574468
CBM13.hmm	188	gene_17768	592	7.8e-20	4	156	311	474	0.808510638297872
GH78.hmm	504	gene_17796	590	3.5e-144	5	504	26	572	0.990079365079365
GH31.hmm	427	gene_1785	684	1.3e-139	2	426	130	611	0.992974238875878
CE3.hmm	194	gene_1790	244	1.2e-09	68	180	92	212	0.577319587628866
GH25.hmm	177	gene_1792	371	1.7e-28	1	175	40	220	0.983050847457627
GH73.hmm	128	gene_17948	419	8.6e-18	1	125	214	345	0.96875
GH2.hmm	752	gene_17954	584	1.2e-158	32	470	1	584	0.582446808510638
GH13.hmm	299	gene_17967	568	1.4e-59	13	293	113	431	0.936454849498328
GH51.hmm	630	gene_17987	477	2.6e-141	98	542	1	477	0.704761904761905
GH110.hmm	548	gene_18004	583	5.9e-224	1	548	13	583	0.998175182481752
GH20.hmm	337	gene_18070	579	6.3e-95	14	336	57	466	0.955489614243323
GT19.hmm	354	gene_1808	378	3.3e-108	2	351	4	355	0.985875706214689
GH51.hmm	630	gene_18087	511	3.9e-112	133	544	27	509	0.652380952380952
GH127.hmm	524	gene_18108	547	6.6e-43	61	523	88	522	0.881679389312977
GH123.hmm	538	gene_18111	573	7.2e-235	3	525	43	568	0.970260223048327
CE4.hmm	130	gene_18138	282	1.7e-21	4	111	71	182	0.823076923076923
GH27.hmm	375	gene_18161	526	4.6e-55	1	346	118	444	0.92
CBM32.hmm	124	gene_1816	635	1.2e-12	15	120	510	626	0.846774193548387
GT2.hmm	168	gene_18198	294	2.4e-10	31	165	15	141	0.797619047619048
GH92.hmm	491	gene_18231	567	1.2e-191	4	491	57	564	0.991853360488798
GH2.hmm	752	gene_18279	573	2.7e-172	21	472	26	566	0.599734042553192
GT2.hmm	168	gene_18284	272	1.6e-06	39	167	1	124	0.761904761904762
GH30_6.hmm	457	gene_18303	489	7.7e-239	4	457	24	479	0.991247264770241
GH28.hmm	325	gene_18314	518	9e-74	7	310	105	475	0.932307692307692
GH43_12.hmm	289	gene_18318	514	3.7e-107	44	286	1	312	0.837370242214533
GT2.hmm	168	gene_18339	299	3.4e-17	3	167	6	171	0.976190476190476
GH115.hmm	697	gene_18355	569	7.9e-198	70	577	4	568	0.727403156384505
CBM41.hmm	102	gene_18357	570	5.3e-16	2	92	310	398	0.882352941176471
CBM25.hmm	78	gene_18357	570	6e-12	2	76	209	282	0.948717948717949
CBM41.hmm	102	gene_18357	570	7.3e-22	2	102	428	551	0.980392156862745
GH28.hmm	325	gene_18362	462	6.8e-63	6	308	48	418	0.929230769230769
GH31.hmm	427	gene_1836	783	5.6e-143	1	427	209	682	0.997658079625293
GH29.hmm	346	gene_1837	499	3e-91	38	346	3	382	0.890173410404624
GH2.hmm	752	gene_1838	1035	1.5e-215	22	751	46	915	0.969414893617021
GH42.hmm	371	gene_1839	687	9.3e-114	2	370	35	399	0.991913746630728
GT4.hmm	160	gene_18406	215	8.5e-31	7	152	48	185	0.90625
GH31.hmm	427	gene_18426	563	1.7e-134	1	427	14	460	0.997658079625293
GT2.hmm	168	gene_18430	401	6.7e-18	3	119	64	177	0.69047619047619
GT4.hmm	160	gene_18431	144	1.1e-23	68	156	27	113	0.55
GT4.hmm	160	gene_18453	433	1.2e-33	8	153	252	394	0.90625
GH13.hmm	299	gene_18529	401	8.3e-51	15	290	2	280	0.919732441471572
GT4.hmm	160	gene_18556	391	3.7e-28	7	158	196	352	0.94375
GH112.hmm	715	gene_18581	466	3.9e-227	250	715	1	465	0.65034965034965
CBM32.hmm	124	gene_18613	552	1.4e-18	13	121	334	454	0.870967741935484
GH43_28.hmm	258	gene_18613	552	6.7e-102	2	258	29	292	0.992248062015504
PL8_2.hmm	249	gene_1865	1012	3.5e-82	2	248	602	850	0.987951807228916
GH51.hmm	630	gene_18656	472	4.5e-56	210	628	7	472	0.663492063492063
GH2.hmm	752	gene_18710	557	1.4e-101	16	414	28	513	0.529255319148936
GH108.hmm	86	gene_18793	172	1e-22	3	86	9	97	0.965116279069767
GH140.hmm	412	gene_18859	453	3.1e-171	5	412	2	427	0.987864077669903
GH13_8.hmm	274	gene_18929	480	5.1e-106	1	274	30	320	0.996350364963504
GT35.hmm	674	gene_18964	549	2.5e-197	1	475	37	549	0.70326409495549
GH109.hmm	126	gene_18979	312	6.8e-09	2	116	3	109	0.904761904761905
GH74.hmm	233	gene_1906	730	1.6e-18	8	132	88	209	0.532188841201717
GH74.hmm	233	gene_1906	730	6.5e-17	81	217	214	350	0.583690987124464
GH25.hmm	177	gene_1907	244	9.4e-54	1	176	45	215	0.988700564971751
GH5_4.hmm	268	gene_1910	944	2.2e-77	3	265	69	351	0.977611940298508
GH127.hmm	524	gene_19216	403	3.7e-112	254	524	1	291	0.515267175572519
GH13_38.hmm	376	gene_19272	398	4.4e-108	136	375	1	233	0.63563829787234
CE1.hmm	227	gene_1927	737	2e-13	7	216	500	722	0.920704845814978
GH5_46.hmm	276	gene_19297	424	1.9e-91	5	275	101	355	0.978260869565217
CBM50.hmm	40	gene_193	223	3.1e-14	1	40	174	222	0.975
GH25.hmm	177	gene_19376	527	1.2e-49	1	177	335	514	0.994350282485876
GH92.hmm	491	gene_19383	512	3.9e-194	3	491	14	507	0.993890020366599
CBM13.hmm	188	gene_1942	273	7e-23	6	148	13	162	0.75531914893617
GH51.hmm	630	gene_19440	498	1.8e-142	87	541	2	496	0.720634920634921
GH33.hmm	342	gene_19467	523	1.3e-93	12	330	173	509	0.929824561403509
GH20.hmm	337	gene_1949	544	2.9e-120	14	335	162	510	0.952522255192878
CE1.hmm	227	gene_19519	198	3.3e-09	2	143	11	166	0.621145374449339
CE1.hmm	227	gene_19520	255	1e-40	6	220	16	247	0.94273127753304
GT27.hmm	295	gene_1954	337	6.7e-23	2	236	6	233	0.793220338983051
GH20.hmm	337	gene_19561	497	4.2e-121	9	336	31	382	0.970326409495549
CBM32.hmm	124	gene_19763	424	1.3e-07	35	109	331	406	0.596774193548387
GH29.hmm	346	gene_19763	424	5.9e-59	91	336	29	318	0.708092485549133
CE1.hmm	227	gene_19817	520	9.2e-14	47	194	364	504	0.647577092511013
GH5_1.hmm	258	gene_19875	347	1.8e-55	124	258	1	184	0.51937984496124
GH95.hmm	722	gene_19947	516	9.4e-214	265	716	1	467	0.624653739612188
GH92.hmm	491	gene_19952	348	2.5e-83	162	491	2	337	0.670061099796334
GH109.hmm	126	gene_19967	484	1.9e-52	1	125	35	158	0.984126984126984
GH73.hmm	128	gene_20028	485	3.1e-22	2	128	11	150	0.984375
GH25.hmm	177	gene_20035	447	9.3e-52	1	177	246	422	0.994350282485876
GT83.hmm	540	gene_20044	514	1.3e-13	61	362	78	409	0.557407407407407
GH109.hmm	126	gene_20088	479	2.7e-14	2	118	26	133	0.920634920634921
GH2.hmm	752	gene_20237	483	2.7e-104	23	412	10	475	0.517287234042553
GH18.hmm	296	gene_20250	263	3.4e-64	54	286	8	252	0.783783783783784
GH109.hmm	126	gene_20291	486	2e-14	6	120	43	147	0.904761904761905
GH13_13.hmm	383	gene_20311	506	1.8e-58	5	383	157	480	0.986945169712794
CBM48.hmm	76	gene_20311	506	2.3e-10	11	60	5	67	0.644736842105263
CBM12.hmm	34	gene_203	205	3.2e-10	3	34	106	137	0.911764705882353
GH20.hmm	337	gene_20324	505	2.5e-99	45	336	1	311	0.863501483679525
CBM32.hmm	124	gene_20324	505	8e-13	16	109	378	490	0.75
GH13_11.hmm	346	gene_20377	505	2.6e-153	1	346	58	411	0.997109826589595
GT4.hmm	160	gene_20431	348	1.6e-06	5	152	170	319	0.91875
GT4.hmm	160	gene_20432	128	8e-24	68	151	1	83	0.51875
GH38.hmm	269	gene_20451	502	5.1e-33	116	256	3	157	0.520446096654275
CE3.hmm	194	gene_2045	601	1.1e-10	49	184	448	591	0.695876288659794
GH116.hmm	363	gene_20490	502	1.2e-36	2	361	62	392	0.988980716253444
GH145.hmm	296	gene_20510	362	4.5e-111	31	296	1	263	0.89527027027027
GH115.hmm	697	gene_20605	498	3.6e-191	95	557	2	497	0.662840746054519
CE3.hmm	194	gene_20623	212	9.3e-06	51	189	50	203	0.711340206185567
CBM50.hmm	40	gene_20	69	6.9e-06	1	28	2	32	0.675
GH13_38.hmm	376	gene_20700	495	4.6e-173	29	375	1	340	0.920212765957447
CE8.hmm	288	gene_20758	316	3e-78	2	280	4	303	0.965277777777778
GH109.hmm	126	gene_20764	409	3.4e-20	4	121	23	135	0.928571428571429
CBM16.hmm	116	gene_2078	422	6.3e-08	22	108	37	134	0.741379310344828
GH78.hmm	504	gene_2080	668	3.1e-10	209	494	359	646	0.56547619047619
CBM50.hmm	40	gene_20809	70	4e-05	1	28	3	33	0.675
GH109.hmm	126	gene_20815	333	2.4e-15	1	125	11	127	0.984126984126984
GH97.hmm	631	gene_2081	658	7.7e-186	11	630	18	652	0.980982567353407
GH115.hmm	697	gene_20825	438	1.2e-136	305	697	1	426	0.562410329985653
GH110.hmm	548	gene_2082	580	1.3e-143	2	547	28	575	0.994525547445255
GH115.hmm	697	gene_20911	490	8.2e-168	6	445	2	490	0.629842180774749
GH51.hmm	630	gene_20961	488	1.4e-136	82	541	4	484	0.728571428571429
GH3.hmm	216	gene_20963	425	6.7e-57	4	216	159	390	0.981481481481482
GH23.hmm	135	gene_21104	206	8.6e-23	11	124	41	200	0.837037037037037
PL1_2.hmm	176	gene_21141	403	2.1e-58	1	176	41	235	0.994318181818182
GH29.hmm	346	gene_21142	412	1.9e-100	42	346	1	302	0.878612716763006
CBM66.hmm	155	gene_21154	434	2.6e-12	2	148	264	419	0.941935483870968
GH13.hmm	299	gene_21170	426	2.6e-55	12	290	23	303	0.929765886287625
GT2.hmm	168	gene_2122	326	1.5e-32	2	129	5	131	0.755952380952381
GT2.hmm	168	gene_2123	298	9.9e-25	10	164	2	151	0.916666666666667
GT51.hmm	177	gene_21275	248	2.8e-64	10	177	55	222	0.943502824858757
GH13_13.hmm	383	gene_21278	478	1.3e-41	106	382	1	254	0.720626631853786
PL11.hmm	606	gene_21303	478	1.1e-140	91	564	22	477	0.78052805280528
CE10.hmm	341	gene_21306	447	2.6e-06	69	291	180	394	0.651026392961877
GH25.hmm	177	gene_21321	272	1.3e-48	1	177	8	182	0.994350282485876
CBM50.hmm	40	gene_21321	272	6.2e-16	1	39	229	271	0.95
GH106.hmm	824	gene_21372	476	9.5e-57	193	659	1	451	0.565533980582524
CBM50.hmm	40	gene_21391	430	1.1e-08	1	40	384	430	0.975
GH125.hmm	402	gene_21401	475	2.1e-176	2	401	64	462	0.992537313432836
GT2.hmm	168	gene_21488	170	5.8e-14	25	117	33	123	0.547619047619048
GH1.hmm	429	gene_21502	427	4.6e-119	4	379	3	427	0.874125874125874
GH73.hmm	128	gene_2151	516	1.1e-34	2	128	13	145	0.984375
GH78.hmm	504	gene_21554	333	4.2e-51	195	480	28	318	0.56547619047619
GH73.hmm	128	gene_2159	518	5.7e-35	2	128	12	144	0.984375
CE8.hmm	288	gene_21600	321	5.4e-77	2	279	4	302	0.961805555555556
GH13_9.hmm	291	gene_21615	437	1.3e-88	1	270	166	437	0.924398625429553
CBM48.hmm	76	gene_21615	437	4.7e-14	3	67	18	95	0.842105263157895
GH18.hmm	296	gene_21632	442	3.8e-37	5	281	91	430	0.932432432432432
GH144.hmm	404	gene_21640	436	9.4e-192	3	403	21	432	0.99009900990099
GH144.hmm	404	gene_21659	440	6.4e-196	2	404	28	433	0.995049504950495
CE10.hmm	341	gene_21665	258	5.1e-29	82	331	14	244	0.730205278592375
GH51.hmm	630	gene_21702	467	1.6e-142	82	510	6	466	0.679365079365079
GH28.hmm	325	gene_21729	410	8.8e-70	6	321	24	397	0.969230769230769
GH109.hmm	126	gene_21735	434	5.9e-16	2	122	44	165	0.952380952380952
GT2.hmm	168	gene_21776	318	3e-33	1	166	5	168	0.982142857142857
GT2.hmm	168	gene_21780	395	3.6e-13	2	128	46	171	0.75
GH10.hmm	303	gene_21809	274	8.2e-82	70	301	1	269	0.762376237623762
GH109.hmm	126	gene_21970	335	4.1e-13	55	125	57	127	0.555555555555556
GH65.hmm	372	gene_21976	387	1.1e-85	1	227	133	384	0.60752688172043
CE1.hmm	227	gene_22046	459	2.1e-09	7	124	336	459	0.515418502202643
CE9.hmm	373	gene_22050	388	5.1e-111	2	373	6	378	0.994638069705094
GH3.hmm	216	gene_2208	694	4e-69	3	213	58	274	0.972222222222222
CE10.hmm	341	gene_2213	292	3.7e-30	69	332	51	288	0.771260997067449
GH25.hmm	177	gene_22178	157	7.4e-31	35	176	1	144	0.796610169491525
GT14.hmm	250	gene_2218	311	7.1e-37	1	247	13	258	0.984
GH18.hmm	296	gene_22194	455	3.5e-17	4	155	188	384	0.510135135135135
GH23.hmm	135	gene_22208	222	3.3e-27	15	125	85	216	0.814814814814815
GT51.hmm	177	gene_22230	234	2.9e-53	12	177	56	220	0.932203389830508
GH24.hmm	137	gene_22243	130	1.6e-08	4	110	28	126	0.773722627737226
CE9.hmm	373	gene_22312	375	2.4e-116	2	373	4	371	0.994638069705094
GT20.hmm	475	gene_22331	452	6.8e-136	146	472	1	326	0.686315789473684
GT4.hmm	160	gene_22358	378	6.1e-19	6	153	196	346	0.91875
GT2.hmm	168	gene_22369	342	7.8e-09	23	164	4	150	0.839285714285714
GH5.hmm	275	gene_22405	451	6.3e-16	6	231	24	315	0.818181818181818
CE7.hmm	313	gene_22458	430	4.4e-94	11	311	123	424	0.958466453674121
CE3.hmm	194	gene_22473	449	5e-15	1	194	6	196	0.994845360824742
GH145.hmm	296	gene_22492	421	2.1e-126	1	296	28	320	0.996621621621622
GH2.hmm	752	gene_22540	448	1.2e-127	145	527	2	447	0.507978723404255
GH23.hmm	135	gene_22723	221	2.7e-21	16	128	99	211	0.82962962962963
GH13.hmm	299	gene_22748	428	1.9e-51	5	289	31	315	0.949832775919732
CE10.hmm	341	gene_22756	435	1.9e-16	61	315	169	418	0.744868035190616
GH3.hmm	216	gene_22882	426	2.6e-65	3	213	135	357	0.972222222222222
GT5.hmm	472	gene_22902	438	2.3e-158	26	468	1	437	0.936440677966102
CE1.hmm	227	gene_23060	251	1.9e-13	2	214	12	239	0.933920704845815
GH139.hmm	777	gene_23079	435	2.8e-238	308	761	1	435	0.583011583011583
GH130.hmm	296	gene_23083	392	2.4e-85	2	295	51	362	0.989864864864865
CBM22.hmm	131	gene_23100	435	2e-28	5	130	171	298	0.954198473282443
CBM22.hmm	131	gene_23100	435	6.6e-33	4	131	17	142	0.969465648854962
GT2.hmm	168	gene_23158	397	2.8e-26	2	138	20	153	0.80952380952381
CE12.hmm	210	gene_23255	343	2.6e-52	1	210	72	270	0.995238095238095
CBM61.hmm	141	gene_23285	409	6.6e-05	66	141	254	331	0.531914893617021
GH23.hmm	135	gene_23288	283	8.1e-26	2	123	54	188	0.896296296296296
GT2.hmm	168	gene_23367	343	3e-30	3	123	10	135	0.714285714285714
GT2.hmm	168	gene_23379	210	2.4e-15	30	163	1	129	0.791666666666667
GH5.hmm	275	gene_23521	425	2.3e-21	35	218	57	309	0.665454545454545
GT4.hmm	160	gene_23562	389	6.9e-35	7	155	211	356	0.925
GH8.hmm	320	gene_23657	409	3.3e-73	9	319	69	400	0.96875
CE10.hmm	341	gene_23677	331	2.8e-17	81	311	93	308	0.674486803519062
GT4.hmm	160	gene_23742	386	1.9e-35	7	155	206	351	0.925
GH109.hmm	126	gene_23756	401	1.2e-12	1	121	131	240	0.952380952380952
GH38.hmm	269	gene_23771	420	1.2e-10	106	259	16	181	0.568773234200744
GH127.hmm	524	gene_23810	419	3.6e-150	161	524	1	353	0.692748091603053
GT4.hmm	160	gene_23908	318	2.2e-25	9	156	141	284	0.91875
GH95.hmm	722	gene_23939	416	5.7e-186	330	713	1	395	0.530470914127424
GT28.hmm	157	gene_23941	175	8.3e-42	2	152	4	155	0.955414012738854
GH5_44.hmm	305	gene_23963	415	4.5e-125	1	305	63	355	0.99672131147541
GH106.hmm	824	gene_24029	413	1.9e-58	182	617	8	412	0.527912621359223
CE10.hmm	341	gene_24111	259	2.1e-30	82	331	14	244	0.730205278592375
GH13_18.hmm	337	gene_24120	312	2.2e-124	1	269	34	311	0.795252225519288
CE10.hmm	341	gene_24130	359	2.4e-32	48	231	85	272	0.536656891495601
GH27.hmm	375	gene_24212	389	1.4e-23	146	340	1	166	0.517333333333333
CBM35.hmm	123	gene_24212	389	2e-18	11	123	282	386	0.910569105691057
GH24.hmm	137	gene_24216	175	2.2e-15	24	137	57	168	0.824817518248175
GH13.hmm	299	gene_24254	408	3.2e-60	12	294	60	382	0.94314381270903
GH43_26.hmm	292	gene_24296	304	1.4e-101	34	290	1	269	0.876712328767123
CE4.hmm	130	gene_24319	233	9.9e-27	8	119	54	161	0.853846153846154
GH26.hmm	303	gene_2432	371	2.8e-65	4	298	35	361	0.97029702970297
GH36.hmm	688	gene_24329	406	1.9e-136	2	379	11	406	0.54796511627907
GH130.hmm	296	gene_2433	390	1.4e-91	9	295	57	361	0.966216216216216
GH15.hmm	361	gene_24342	371	8.3e-75	18	360	9	356	0.947368421052632
GH108.hmm	86	gene_24359	174	3.9e-20	3	86	9	99	0.965116279069767
CE3.hmm	194	gene_2436	259	2e-08	7	191	31	251	0.948453608247423
CE12.hmm	210	gene_24385	405	1.8e-68	24	210	1	208	0.885714285714286
CE8.hmm	288	gene_24385	405	7.7e-64	2	182	224	405	0.625
GH28.hmm	325	gene_24399	404	5.9e-60	8	272	64	375	0.812307692307692
GT4.hmm	160	gene_24409	227	7.5e-30	9	160	40	190	0.94375
CBM67.hmm	176	gene_2442	768	2.6e-36	2	172	27	205	0.965909090909091
GH78.hmm	504	gene_2442	768	8.4e-99	7	502	247	749	0.982142857142857
GH3.hmm	216	gene_2443	818	2.8e-64	3	216	148	378	0.986111111111111
GH77.hmm	494	gene_24440	397	1.4e-146	1	383	12	397	0.773279352226721
GH43_24.hmm	244	gene_24599	329	1.8e-67	6	238	4	295	0.950819672131147
CBM32.hmm	124	gene_24617	384	1.6e-11	11	122	59	178	0.895161290322581
cohesin.hmm	134	gene_24617	384	4.5e-06	5	105	267	364	0.746268656716418
GH112.hmm	715	gene_24634	399	1.6e-170	84	478	2	399	0.551048951048951
CE9.hmm	373	gene_24706	390	4.4e-108	1	373	8	381	0.997319034852547
CBM37.hmm	62	gene_24775	359	0.00011	6	60	44	94	0.870967741935484
CE3.hmm	194	gene_24795	179	1.6e-07	55	193	20	169	0.711340206185567
CBM50.hmm	40	gene_24797	396	1.3e-11	1	40	91	134	0.975
CBM50.hmm	40	gene_24797	396	2.4e-11	1	40	37	79	0.975
CBM50.hmm	40	gene_24797	396	3.7e-07	1	40	171	214	0.975
GH31.hmm	427	gene_24813	395	3.3e-59	212	427	69	293	0.503512880562061
CE6.hmm	99	gene_24863	393	4.2e-08	3	97	133	239	0.94949494949495
CBM79.hmm	110	gene_24942	335	3e-05	22	94	91	168	0.654545454545455
GT2.hmm	168	gene_24986	316	5.8e-19	1	144	10	151	0.851190476190476
GH28.hmm	325	gene_25037	390	9e-58	10	310	26	368	0.923076923076923
GH105.hmm	332	gene_25040	346	3.1e-82	5	332	14	341	0.984939759036145
CE9.hmm	373	gene_25045	278	6e-90	1	282	3	278	0.753351206434316
GH13_20.hmm	285	gene_25061	389	7.7e-63	19	279	2	276	0.912280701754386
GH110.hmm	548	gene_25100	389	4.5e-176	136	521	1	388	0.702554744525547
GH92.hmm	491	gene_25185	387	5.5e-144	74	455	1	387	0.775967413441955
GH130.hmm	296	gene_25194	354	6e-93	2	296	8	320	0.993243243243243
GH23.hmm	135	gene_2523	457	3.8e-26	2	119	162	296	0.866666666666667
CBM50.hmm	40	gene_2523	457	4.6e-15	1	39	412	454	0.95
GH27.hmm	375	gene_25265	342	1.1e-50	121	343	59	253	0.592
CBM9.hmm	182	gene_25271	356	8.6e-48	1	182	67	240	0.994505494505495
GT20.hmm	475	gene_25278	385	2.1e-157	97	472	1	375	0.789473684210526
GH13_20.hmm	285	gene_25323	384	1.1e-66	9	282	5	292	0.957894736842105
GH112.hmm	715	gene_2532	719	0	1	715	8	718	0.998601398601399
GT9.hmm	225	gene_25349	343	1.2e-33	5	222	74	324	0.964444444444444
GT94.hmm	283	gene_25371	383	9.4e-11	40	197	209	381	0.554770318021201
CE1.hmm	227	gene_25398	366	4.7e-19	5	214	116	354	0.920704845814978
CE6.hmm	99	gene_25408	383	4.7e-08	4	95	102	205	0.919191919191919
GH13_11.hmm	346	gene_25420	359	7.7e-78	155	346	2	199	0.552023121387283
GT21.hmm	233	gene_25421	374	3e-11	1	191	50	238	0.815450643776824
GT2.hmm	168	gene_254	389	1.9e-20	3	138	15	146	0.803571428571429
GT51.hmm	177	gene_25513	380	2e-58	18	177	2	169	0.898305084745763
GH18.hmm	296	gene_25540	363	3.9e-47	10	286	52	343	0.932432432432432
GH13_4.hmm	398	gene_25563	343	1.5e-82	188	398	1	211	0.527638190954774
GT2.hmm	168	gene_25593	228	4.5e-17	20	122	2	105	0.607142857142857
GT4.hmm	160	gene_25597	177	2.4e-34	6	151	3	146	0.90625
GH31.hmm	427	gene_25622	378	3.4e-102	103	427	2	360	0.758782201405152
GT35.hmm	674	gene_25631	378	5.8e-63	20	406	32	378	0.572700296735905
GH3.hmm	216	gene_25722	339	1.7e-50	60	216	4	167	0.722222222222222
CE4.hmm	130	gene_257	228	4.3e-34	8	123	37	155	0.884615384615385
GH97.hmm	631	gene_25734	375	5.7e-147	288	625	15	375	0.534072900158479
GH28.hmm	325	gene_25752	375	1.8e-60	7	295	41	374	0.886153846153846
GH29.hmm	346	gene_25781	226	1e-65	17	199	12	225	0.526011560693642
GH53.hmm	342	gene_25827	374	4.4e-114	1	316	29	354	0.921052631578947
GH109.hmm	126	gene_25829	374	2.3e-10	24	111	7	90	0.69047619047619
GT2.hmm	168	gene_25830	374	4.1e-16	2	164	41	202	0.964285714285714
GH3.hmm	216	gene_25939	338	8.5e-38	85	216	1	137	0.606481481481482
GH43_10.hmm	262	gene_25953	372	1e-83	1	262	32	301	0.99618320610687
GT51.hmm	177	gene_25957	241	3.9e-53	15	177	58	218	0.915254237288136
GH92.hmm	491	gene_25979	372	1.9e-103	2	342	42	370	0.692464358452138
CBM50.hmm	40	gene_26066	351	6.2e-12	1	39	308	350	0.95
GT51.hmm	177	gene_26102	369	1.8e-44	37	176	1	146	0.785310734463277
GH10.hmm	303	gene_26171	368	6.2e-71	81	302	1	250	0.729372937293729
GH53.hmm	342	gene_26179	368	3.6e-87	2	312	46	352	0.906432748538012
GT2.hmm	168	gene_26220	367	3.6e-17	3	167	32	194	0.976190476190476
CBM50.hmm	40	gene_26269	356	1.6e-05	1	40	302	350	0.975
GH78.hmm	504	gene_26290	365	2e-94	140	474	1	365	0.662698412698413
CE3.hmm	194	gene_26335	237	2.7e-12	54	187	72	212	0.685567010309278
GT30.hmm	177	gene_26339	365	1.4e-47	11	176	30	191	0.932203389830508
GH43_3.hmm	286	gene_26375	216	5.9e-64	84	286	2	199	0.706293706293706
GH3.hmm	216	gene_26392	335	1e-71	4	214	71	285	0.972222222222222
GT2.hmm	168	gene_26401	311	4.6e-29	1	168	8	171	0.994047619047619
GT4.hmm	160	gene_2640	295	1e-31	9	155	119	260	0.9125
GT2.hmm	168	gene_26422	210	4.3e-12	31	130	2	99	0.589285714285714
CBM50.hmm	40	gene_26435	353	2e-07	1	38	71	112	0.925
GT4.hmm	160	gene_26508	149	1.2e-19	45	153	2	115	0.675
GH92.hmm	491	gene_26580	335	2.5e-119	191	491	1	318	0.610997963340122
GT4.hmm	160	gene_26587	185	5.4e-31	11	160	5	154	0.93125
GH141.hmm	527	gene_26697	360	6.4e-104	2	275	68	360	0.518026565464896
GH105.hmm	332	gene_26721	284	2.3e-67	60	327	6	269	0.80421686746988
GH1.hmm	429	gene_2672	473	1.7e-143	7	426	4	464	0.976689976689977
GH89.hmm	663	gene_26801	357	5.7e-160	38	386	6	357	0.524886877828054
GH76.hmm	358	gene_26853	355	6.4e-66	52	328	2	329	0.770949720670391
CBM32.hmm	124	gene_2685	961	1.3e-26	9	123	708	821	0.919354838709677
GH2.hmm	752	gene_2685	961	3.3e-77	56	491	50	650	0.578457446808511
GH42.hmm	371	gene_26870	356	7.7e-134	56	370	3	320	0.846361185983827
GH3.hmm	216	gene_26895	356	1.2e-71	5	216	7	213	0.976851851851852
GH5_4.hmm	268	gene_2691	460	2.1e-74	4	264	146	429	0.970149253731343
GT2.hmm	168	gene_26965	283	1.3e-17	1	112	4	117	0.660714285714286
CE10.hmm	341	gene_27037	230	4.9e-37	69	280	25	230	0.618768328445748
GH133.hmm	372	gene_27076	227	1.2e-70	155	372	1	212	0.583333333333333
GH43_19.hmm	251	gene_27105	352	1.5e-53	2	153	191	352	0.601593625498008
CBM32.hmm	124	gene_27164	258	6.4e-14	11	121	132	251	0.887096774193548
CE4.hmm	130	gene_2717	203	3.8e-26	4	123	21	135	0.915384615384615
GH144.hmm	404	gene_2718	442	3e-190	2	403	27	439	0.992574257425743
GH3.hmm	216	gene_2719	988	1.3e-55	4	216	90	314	0.981481481481482
GH3.hmm	216	gene_2720	949	5.8e-59	4	216	51	275	0.981481481481482
GT2.hmm	168	gene_27245	350	1.9e-15	3	166	54	217	0.970238095238095
CE3.hmm	194	gene_27265	275	3.9e-08	66	177	112	230	0.572164948453608
CE9.hmm	373	gene_27433	347	1.5e-112	1	344	3	346	0.919571045576407
GH20.hmm	337	gene_2747	510	2.3e-104	39	336	1	317	0.881305637982196
CBM32.hmm	124	gene_2747	510	6.4e-12	18	109	384	494	0.733870967741935
GH20.hmm	337	gene_27550	346	7.2e-61	9	285	75	339	0.818991097922849
GH43_24.hmm	244	gene_27583	345	6.2e-51	2	238	33	269	0.967213114754098
GH20.hmm	337	gene_27597	303	9.1e-53	9	262	84	291	0.750741839762611
GH13.hmm	299	gene_2773	772	3.7e-63	12	295	160	622	0.946488294314381
GH13.hmm	299	gene_2774	435	4.8e-56	12	290	36	315	0.929765886287625
dockerin.hmm	21	gene_27801	131	0.00078	1	13	95	107	0.571428571428571
GH1.hmm	429	gene_27857	342	1.8e-97	69	384	3	342	0.734265734265734
GT2.hmm	168	gene_27878	294	1.4e-16	3	112	1	108	0.648809523809524
GT2.hmm	168	gene_27965	111	4.4e-22	4	109	1	109	0.625
CE1.hmm	227	gene_28007	324	5e-23	6	175	61	235	0.744493392070485
GH77.hmm	494	gene_2802	513	1.3e-168	1	483	8	505	0.975708502024291
CBM30.hmm	91	gene_28084	273	0.00016	6	90	19	95	0.923076923076923
GH20.hmm	337	gene_28106	339	2.4e-104	42	335	2	315	0.869436201780415
CE1.hmm	227	gene_28110	220	9.1e-12	56	208	27	193	0.669603524229075
GH42.hmm	371	gene_28113	338	7.9e-63	129	371	1	241	0.652291105121294
GH28.hmm	325	gene_28126	338	1.7e-34	61	276	138	334	0.661538461538462
GT2.hmm	168	gene_28192	271	1.5e-08	58	164	8	123	0.630952380952381
CBM50.hmm	40	gene_28206	307	0.00024	4	38	211	249	0.85
GH73.hmm	128	gene_28206	307	1.9e-36	2	128	38	167	0.984375
CBM50.hmm	40	gene_28206	307	8.8e-14	1	39	264	306	0.95
GT2.hmm	168	gene_28214	204	2.1e-12	2	107	48	154	0.625
GH105.hmm	332	gene_28284	227	8.8e-69	113	331	1	218	0.656626506024096
GH5_2.hmm	197	gene_28391	287	1.5e-58	2	194	11	246	0.974619289340102
GT2.hmm	168	gene_2839	329	6.6e-22	1	164	4	165	0.970238095238095
CBM32.hmm	124	gene_28436	333	2.9e-09	25	108	211	309	0.669354838709677
GT30.hmm	177	gene_28444	157	3.5e-43	10	152	16	156	0.80225988700565
GH2.hmm	752	gene_2865	793	6e-95	30	491	3	527	0.613031914893617
PL12.hmm	138	gene_2888	598	1.5e-11	2	80	392	473	0.565217391304348
CBM32.hmm	124	gene_2889	264	0.00053	9	72	133	210	0.508064516129032
CE1.hmm	227	gene_2895	699	3.7e-19	5	216	447	687	0.929515418502203
CBM30.hmm	91	gene_2939	804	5.6e-06	14	90	250	317	0.835164835164835
GH9.hmm	418	gene_2939	804	6.4e-33	2	418	331	800	0.995215311004785
GT2.hmm	168	gene_2961	311	1.3e-25	1	123	8	133	0.726190476190476
CE1.hmm	227	gene_2973	562	7.2e-17	20	185	301	457	0.726872246696035
GH95.hmm	722	gene_2975	776	1.3e-259	24	716	1	741	0.958448753462604
GH3.hmm	216	gene_2976	737	1.6e-65	2	215	61	282	0.986111111111111
GH2.hmm	752	gene_2977	855	9.8e-124	27	532	23	739	0.671542553191489
GH92.hmm	491	gene_2996	774	4.6e-174	3	491	251	755	0.993890020366599
GH92.hmm	491	gene_2997	784	2.7e-164	2	491	296	778	0.995926680244399
GH38.hmm	269	gene_2998	859	1.1e-28	33	184	58	210	0.561338289962825
GH109.hmm	126	gene_3022	336	7.2e-12	2	117	3	109	0.912698412698413
GH109.hmm	126	gene_3023	408	2.1e-11	1	118	8	129	0.928571428571429
GT2.hmm	168	gene_3033	399	2.6e-22	1	120	86	205	0.708333333333333
GT4.hmm	160	gene_3034	370	7.1e-27	8	124	194	307	0.725
GT35.hmm	674	gene_3043	839	6.1e-129	20	629	109	692	0.903560830860534
GH1.hmm	429	gene_3089	504	3.5e-146	5	428	3	500	0.986013986013986
GH31.hmm	427	gene_3126	834	8.6e-149	1	426	234	683	0.995316159250585
GH66.hmm	556	gene_3127	601	8.7e-191	2	555	50	601	0.994604316546763
GH32.hmm	293	gene_3167	465	5.3e-92	1	293	33	337	0.996587030716723
GH133.hmm	372	gene_3194	507	8.1e-102	7	372	151	501	0.981182795698925
CE3.hmm	194	gene_3198	223	5.4e-15	54	189	70	214	0.695876288659794
GH105.hmm	332	gene_3231	325	6e-114	24	330	1	323	0.921686746987952
GT28.hmm	157	gene_3279	375	6.8e-48	2	155	195	358	0.974522292993631
GH78.hmm	504	gene_3317	822	2e-151	3	504	282	807	0.994047619047619
CBM67.hmm	176	gene_3317	822	2e-19	12	153	102	251	0.801136363636364
GH43_28.hmm	258	gene_3319	604	3.2e-109	1	258	29	333	0.996124031007752
CBM32.hmm	124	gene_3319	604	6.3e-21	8	109	372	497	0.814516129032258
GH2.hmm	752	gene_3320	624	5.8e-73	132	532	1	480	0.531914893617021
GT14.hmm	250	gene_3328	303	2.6e-44	1	220	4	233	0.876
GT4.hmm	160	gene_3331	421	2e-25	18	153	251	384	0.84375
GT2.hmm	168	gene_3332	248	1e-22	1	129	10	136	0.761904761904762
GH130.hmm	296	gene_338	339	2.9e-93	1	296	27	324	0.996621621621622
GH130.hmm	296	gene_340	396	1.6e-91	2	294	52	362	0.986486486486487
GT2.hmm	168	gene_3404	390	7.6e-19	3	165	54	213	0.964285714285714
GT2.hmm	168	gene_3407	314	5.9e-34	1	124	7	129	0.732142857142857
GH2.hmm	752	gene_3410	903	5.3e-71	22	544	21	680	0.694148936170213
GH2.hmm	752	gene_3411	544	8.1e-93	54	463	25	502	0.543882978723404
GH97.hmm	631	gene_3412	664	9.2e-210	4	630	12	661	0.992076069730586
GH36.hmm	688	gene_342	721	5.1e-242	1	687	8	703	0.997093023255814
GH3.hmm	216	gene_3495	586	3.5e-67	5	216	80	295	0.976851851851852
GH20.hmm	337	gene_3496	617	4.4e-112	9	336	118	486	0.970326409495549
GH3.hmm	216	gene_3515	766	6.1e-70	2	216	28	249	0.990740740740741
GH94.hmm	1036	gene_3518	742	1.9e-254	397	1036	58	739	0.616795366795367
CBM50.hmm	40	gene_356	509	0.00077	1	28	463	494	0.675
GT19.hmm	354	gene_3576	320	3.9e-89	56	351	1	296	0.833333333333333
GT2.hmm	168	gene_3611	384	3.6e-06	1	118	59	182	0.696428571428571
GH3.hmm	216	gene_3613	1023	5.7e-50	31	212	721	929	0.837962962962963
GH3.hmm	216	gene_3614	805	2.5e-67	7	204	33	237	0.912037037037037
CE3.hmm	194	gene_3684	297	2.1e-08	33	184	107	285	0.778350515463918
GT4.hmm	160	gene_3718	532	3.4e-21	8	157	349	500	0.93125
GH23.hmm	135	gene_3763	326	5.7e-25	2	126	97	234	0.918518518518519
GH24.hmm	137	gene_3801	144	1e-44	7	137	9	135	0.948905109489051
GH88.hmm	329	gene_3817	385	2.3e-131	6	328	56	379	0.978723404255319
GH2.hmm	752	gene_3843	823	2.8e-99	29	471	3	588	0.587765957446808
GH3.hmm	216	gene_3860	756	9.3e-72	3	216	97	318	0.986111111111111
GH36.hmm	688	gene_3861	735	5.3e-205	4	687	26	708	0.992732558139535
GT51.hmm	177	gene_388	801	9.5e-59	1	176	64	266	0.988700564971751
GH43_12.hmm	289	gene_3890	525	3.5e-113	1	289	27	302	0.996539792387543
GH2.hmm	752	gene_3896	801	2.3e-103	33	492	7	532	0.610372340425532
GH97.hmm	631	gene_3900	638	2.8e-182	6	628	5	636	0.985736925515055
GH51.hmm	630	gene_3901	821	1.2e-102	108	542	354	816	0.688888888888889
GH65.hmm	372	gene_3911	772	1.6e-134	1	369	322	700	0.989247311827957
CBM50.hmm	40	gene_39	318	1.4e-12	1	40	271	316	0.975
GH25.hmm	177	gene_3959	208	6.2e-55	1	177	10	185	0.994350282485876
GT4.hmm	160	gene_3976	400	2.4e-08	30	154	243	367	0.775
GT4.hmm	160	gene_3977	373	1.2e-33	8	157	194	343	0.93125
GT2.hmm	168	gene_3979	331	3e-37	1	113	3	114	0.666666666666667
GT2.hmm	168	gene_3980	303	2.4e-19	2	107	15	120	0.625
GT4.hmm	160	gene_3981	367	8.9e-27	7	117	188	297	0.6875
GT32.hmm	90	gene_3982	230	1.5e-21	3	89	20	97	0.955555555555556
GT4.hmm	160	gene_3983	385	1.2e-23	7	157	213	360	0.9375
GH1.hmm	429	gene_3990	479	4.3e-151	4	428	3	475	0.988344988344988
CE8.hmm	288	gene_4004	315	7.6e-74	2	278	4	302	0.958333333333333
GT32.hmm	90	gene_4054	246	1.4e-27	4	87	22	96	0.922222222222222
GH109.hmm	126	gene_4080	328	4.8e-15	1	125	6	122	0.984126984126984
GH3.hmm	216	gene_4084	789	1.2e-63	5	215	129	356	0.972222222222222
GH3.hmm	216	gene_4085	774	4.3e-70	4	214	78	292	0.972222222222222
CE1.hmm	227	gene_4086	383	2.1e-56	1	222	143	380	0.973568281938326
CBM48.hmm	76	gene_4086	383	6.7e-07	10	67	24	100	0.75
CE1.hmm	227	gene_4111	388	4.1e-53	1	222	145	385	0.973568281938326
CBM48.hmm	76	gene_4111	388	4.8e-07	10	58	27	97	0.631578947368421
CE1.hmm	227	gene_4112	281	1.3e-56	1	223	24	275	0.977973568281938
GH3.hmm	216	gene_4113	776	4.9e-71	4	214	62	276	0.972222222222222
CBM50.hmm	40	gene_411	464	1.3e-16	1	40	418	461	0.975
GH23.hmm	135	gene_411	464	3.8e-26	2	121	166	301	0.881481481481482
GH1.hmm	429	gene_4187	479	3.3e-149	3	428	2	475	0.990675990675991
GH3.hmm	216	gene_4198	744	1e-53	8	213	167	427	0.949074074074074
GH74.hmm	233	gene_4202	749	2.5e-21	78	214	212	352	0.583690987124464
GT2.hmm	168	gene_420	326	2.1e-16	2	167	8	178	0.982142857142857
GH63.hmm	570	gene_4243	644	1.5e-113	245	568	197	642	0.566666666666667
GH2.hmm	752	gene_4244	962	6.3e-219	49	748	5	823	0.929521276595745
GH2.hmm	752	gene_4268	1012	8.6e-228	25	749	39	887	0.962765957446808
GH3.hmm	216	gene_4287	982	8.7e-49	23	215	702	896	0.888888888888889
GH3.hmm	216	gene_4288	807	3.4e-64	7	204	33	237	0.912037037037037
CE10.hmm	341	gene_4293	839	1.9e-17	91	316	592	808	0.659824046920821
GH31.hmm	427	gene_4308	746	1.6e-103	1	426	183	612	0.995316159250585
GH3.hmm	216	gene_433	754	3.2e-71	3	216	92	313	0.986111111111111
GH144.hmm	404	gene_434	458	3.3e-189	3	403	47	457	0.99009900990099
CBM32.hmm	124	gene_435	699	4.6e-21	11	107	479	589	0.774193548387097
GH43_28.hmm	258	gene_435	699	7.5e-103	2	258	172	437	0.992248062015504
SLH.hmm	42	gene_4380	718	9.6e-11	1	42	88	129	0.976190476190476
GT2.hmm	168	gene_4394	390	1.7e-16	1	165	57	223	0.976190476190476
GT9.hmm	225	gene_4397	317	1.7e-36	3	217	54	292	0.951111111111111
GH2.hmm	752	gene_4412	603	1.3e-99	22	427	29	509	0.538563829787234
PL8_3.hmm	250	gene_4459	670	5.9e-65	2	249	321	551	0.988
GH20.hmm	337	gene_4509	706	1.1e-127	8	335	88	441	0.970326409495549
CBM32.hmm	124	gene_4509	706	4.7e-12	14	109	566	681	0.766129032258065
CE9.hmm	373	gene_4566	392	1.1e-117	1	373	20	388	0.997319034852547
GH43_31.hmm	272	gene_4590	315	1.6e-112	4	271	35	293	0.981617647058823
GH43_31.hmm	272	gene_4591	322	5.6e-109	4	270	32	296	0.977941176470588
GH43_3.hmm	286	gene_4592	291	2.2e-109	10	286	1	275	0.965034965034965
CBM67.hmm	176	gene_4593	875	1.2e-39	15	172	130	295	0.892045454545455
GH78.hmm	504	gene_4593	875	1.6e-156	2	504	318	836	0.996031746031746
GH13.hmm	299	gene_4599	859	3.9e-43	9	289	431	732	0.936454849498328
GT27.hmm	295	gene_4622	330	2.1e-20	12	242	9	234	0.779661016949153
GH31.hmm	427	gene_4627	791	9.9e-126	2	427	307	725	0.995316159250585
GH97.hmm	631	gene_4644	679	3e-197	5	630	4	676	0.990491283676704
GH2.hmm	752	gene_4645	1251	3.5e-136	23	471	58	586	0.595744680851064
CBM13.hmm	188	gene_4648	196	8.4e-13	69	169	81	185	0.531914893617021
GT2.hmm	168	gene_4682	251	8.6e-31	2	168	8	175	0.988095238095238
GH24.hmm	137	gene_4684	180	4.8e-12	5	137	48	173	0.963503649635037
GH3.hmm	216	gene_4715	1083	1.9e-41	4	197	759	959	0.893518518518518
GH2.hmm	752	gene_4716	632	1.6e-103	35	528	3	566	0.655585106382979
CE8.hmm	288	gene_4750	313	1.6e-71	2	279	4	302	0.961805555555556
GH28.hmm	325	gene_4777	473	5.9e-33	56	306	176	439	0.769230769230769
GH28.hmm	325	gene_4778	464	1.1e-40	63	309	188	447	0.756923076923077
GH18.hmm	296	gene_4787	661	4.5e-17	25	252	222	490	0.766891891891892
GH92.hmm	491	gene_4788	745	5e-198	3	491	235	743	0.993890020366599
GT9.hmm	225	gene_4796	341	6.8e-32	1	219	76	318	0.968888888888889
GH4.hmm	179	gene_4839	452	1.3e-63	2	177	3	180	0.977653631284916
GT2.hmm	168	gene_4843	248	6.3e-25	1	127	11	135	0.75
GT4.hmm	160	gene_4844	422	1.6e-21	15	153	246	385	0.8625
GT4.hmm	160	gene_4845	371	6.3e-09	20	159	193	333	0.86875
GH2.hmm	752	gene_4913	574	2.2e-80	97	499	2	491	0.534574468085106
GH43_33.hmm	320	gene_4914	334	1.6e-146	6	320	2	319	0.98125
GH1.hmm	429	gene_491	476	2e-150	3	428	4	473	0.990675990675991
GT2.hmm	168	gene_4926	245	3.1e-11	3	167	6	195	0.976190476190476
GT2.hmm	168	gene_4927	809	1.1e-24	1	137	274	411	0.80952380952381
GT2.hmm	168	gene_4927	809	1.6e-12	1	115	532	650	0.678571428571429
CE4.hmm	130	gene_4991	198	8.2e-26	6	112	3	120	0.815384615384615
cohesin.hmm	134	gene_5081	319	1.4e-14	1	118	32	156	0.873134328358209
GH42.hmm	371	gene_5083	477	1e-148	1	370	25	396	0.994609164420485
GH35.hmm	307	gene_5084	751	3.5e-93	1	306	44	397	0.993485342019544
GH25.hmm	177	gene_511	216	3.2e-41	2	177	7	189	0.988700564971751
CBM50.hmm	40	gene_5140	433	0.00045	4	34	53	91	0.75
GH76.hmm	358	gene_5146	349	4.5e-70	40	332	27	325	0.815642458100559
GH106.hmm	824	gene_5147	938	2.7e-171	2	823	27	938	0.996359223300971
GH125.hmm	402	gene_5148	509	7.5e-181	2	402	90	492	0.995024875621891
GH25.hmm	177	gene_516	290	1.1e-32	1	176	5	175	0.988700564971751
GT4.hmm	160	gene_5176	533	8.1e-18	8	158	349	501	0.9375
GT28.hmm	157	gene_5244	339	2.1e-48	2	157	165	326	0.987261146496815
CE3.hmm	194	gene_524	480	8.8e-07	60	189	234	358	0.664948453608247
AA6.hmm	195	gene_5274	145	1.1e-06	1	108	8	90	0.548717948717949
CE1.hmm	227	gene_5297	747	8.9e-16	13	208	508	716	0.859030837004405
GH127.hmm	524	gene_5298	792	6.1e-212	1	524	29	560	0.998091603053435
GH77.hmm	494	gene_5375	489	3.1e-175	4	490	1	481	0.983805668016194
GT35.hmm	674	gene_5385	1415	1.7e-134	20	555	684	1195	0.793768545994065
GT3.hmm	637	gene_5385	1415	8.3e-110	1	351	13	350	0.549450549450549
GH18.hmm	296	gene_5405	352	1.7e-62	28	289	36	344	0.881756756756757
GH3.hmm	216	gene_5407	736	4.3e-64	3	216	96	318	0.986111111111111
GH31.hmm	427	gene_5427	673	1.2e-137	2	426	134	616	0.992974238875878
CE10.hmm	341	gene_5435	326	4.3e-25	87	318	21	218	0.67741935483871
GH109.hmm	126	gene_5481	321	1.2e-15	2	120	2	111	0.936507936507937
GH130.hmm	296	gene_5543	323	4.9e-93	1	296	20	318	0.996621621621622
GH92.hmm	491	gene_5544	747	3e-177	2	487	260	746	0.987780040733198
CE1.hmm	227	gene_5573	250	8.6e-14	71	217	83	242	0.643171806167401
GH88.hmm	329	gene_5594	787	9.8e-127	6	328	451	780	0.978723404255319
GH2.hmm	752	gene_5595	871	1.2e-117	25	465	16	577	0.585106382978723
CBM57.hmm	147	gene_5595	871	8.4e-27	2	147	706	865	0.986394557823129
GH13_31.hmm	350	gene_5623	558	9e-136	1	349	28	376	0.994285714285714
GH106.hmm	824	gene_5777	1157	1.2e-147	95	652	208	741	0.675970873786408
GH78.hmm	504	gene_5778	479	4.4e-111	76	503	1	435	0.847222222222222
CBM50.hmm	40	gene_5799	372	1.4e-10	1	39	329	371	0.95
GT2.hmm	168	gene_5815	490	1e-20	1	116	250	368	0.68452380952381
CBM38.hmm	129	gene_5821	995	1.5e-29	17	127	312	421	0.852713178294574
GH116.hmm	363	gene_5821	995	2.6e-63	1	362	556	928	0.994490358126722
GH97.hmm	631	gene_5822	668	2.8e-194	2	630	22	665	0.995245641838352
CE10.hmm	341	gene_5824	357	2.3e-15	122	315	161	338	0.565982404692082
GT2.hmm	168	gene_5874	808	1.1e-25	1	133	273	406	0.785714285714286
GT27.hmm	295	gene_5874	808	2.9e-12	12	250	541	778	0.806779661016949
CBM20.hmm	90	gene_5895	866	5.2e-13	3	82	122	199	0.877777777777778
GH77.hmm	494	gene_5895	866	6e-154	1	489	229	860	0.987854251012146
GH109.hmm	126	gene_5921	327	1.5e-09	57	122	50	115	0.515873015873016
GT4.hmm	160	gene_5928	388	2.6e-31	4	156	193	342	0.95
CBM62.hmm	131	gene_5933	639	3.2e-11	45	131	413	503	0.656488549618321
GH23.hmm	135	gene_5935	187	1.2e-27	15	125	51	182	0.814814814814815
GH1.hmm	429	gene_5950	508	4.1e-144	1	428	1	496	0.995337995337995
GH2.hmm	752	gene_5977	745	6.5e-97	27	519	2	577	0.654255319148936
GT2.hmm	168	gene_6030	299	2.4e-23	17	167	5	150	0.892857142857143
GH94.hmm	1036	gene_6070	753	1.4e-242	263	993	2	752	0.704633204633205
GT14.hmm	250	gene_6113	294	1.6e-35	1	241	7	247	0.96
GH51.hmm	630	gene_6139	514	5.6e-143	80	542	20	514	0.733333333333333
CE10.hmm	341	gene_6156	257	1e-15	122	335	60	254	0.624633431085044
CE10.hmm	341	gene_6157	362	1.6e-13	122	311	165	338	0.55425219941349
GH29.hmm	346	gene_6204	436	6.5e-101	28	346	26	353	0.919075144508671
GH25.hmm	177	gene_6233	573	2.7e-45	1	176	380	560	0.988700564971751
GH92.hmm	491	gene_6286	1005	4.9e-181	4	491	257	743	0.991853360488798
GH3.hmm	216	gene_6312	747	1.1e-40	10	213	167	422	0.939814814814815
GH4.hmm	179	gene_6323	441	9.9e-67	2	177	6	181	0.977653631284916
GT28.hmm	157	gene_6330	375	8.7e-49	2	155	195	358	0.974522292993631
GT9.hmm	225	gene_6335	343	7.9e-36	3	220	78	319	0.964444444444444
GH92.hmm	491	gene_6383	530	7.5e-101	5	310	230	530	0.621181262729124
GH92.hmm	491	gene_6384	745	4.9e-167	2	488	256	742	0.989816700610998
GH130.hmm	296	gene_6385	301	1.1e-85	16	296	6	296	0.945945945945946
GT4.hmm	160	gene_6399	533	5.8e-21	6	156	347	499	0.9375
CBM32.hmm	124	gene_6427	618	1.7e-09	11	109	358	461	0.790322580645161
CBM32.hmm	124	gene_6427	618	7.4e-08	18	107	504	600	0.717741935483871
GH29.hmm	346	gene_6427	618	7.8e-81	38	330	25	333	0.84393063583815
GT51.hmm	177	gene_6431	724	2.6e-57	2	177	5	187	0.988700564971751
GH115.hmm	697	gene_6441	864	7e-282	3	697	36	837	0.995695839311334
CBM12.hmm	34	gene_6451	177	0.00016	5	32	72	100	0.794117647058823
GH2.hmm	752	gene_653	678	1.4e-81	25	465	17	554	0.585106382978723
GH2.hmm	752	gene_6551	590	4.9e-96	24	404	12	477	0.50531914893617
CBM50.hmm	40	gene_6606	346	1.9e-10	1	39	303	345	0.95
CBM50.hmm	40	gene_6606	346	4.1e-05	5	36	251	292	0.775
GH73.hmm	128	gene_6606	346	9.9e-37	3	128	52	180	0.9765625
CE1.hmm	227	gene_6608	715	3.9e-13	22	208	490	694	0.819383259911894
SLH.hmm	42	gene_6627	698	4.8e-09	9	42	90	123	0.785714285714286
GH3.hmm	216	gene_6630	784	1.5e-47	30	214	214	441	0.851851851851852
GH36.hmm	688	gene_6683	734	7.5e-217	4	687	27	708	0.992732558139535
CE1.hmm	227	gene_6688	261	3.9e-24	4	141	42	182	0.60352422907489
GT2.hmm	168	gene_6689	309	2.4e-26	1	123	7	126	0.726190476190476
GH92.hmm	491	gene_6693	754	1e-176	2	490	247	753	0.993890020366599
GH92.hmm	491	gene_6694	735	2.3e-187	6	491	242	729	0.987780040733198
CE4.hmm	130	gene_675	280	2.8e-20	4	111	69	180	0.823076923076923
GH23.hmm	135	gene_678	226	1.3e-26	8	123	81	218	0.851851851851852
GH3.hmm	216	gene_6797	604	1.7e-61	2	216	11	233	0.990740740740741
GH35.hmm	307	gene_6798	536	2e-32	1	176	43	229	0.570032573289902
GH2.hmm	752	gene_6808	705	6.2e-86	113	492	5	442	0.503989361702128
GH97.hmm	631	gene_6850	720	3.9e-253	4	630	17	705	0.992076069730586
GT51.hmm	177	gene_6936	733	1.3e-53	9	176	57	230	0.943502824858757
GT2.hmm	168	gene_6945	220	2.5e-10	4	167	7	195	0.970238095238095
GT2.hmm	168	gene_6946	821	1.1e-15	1	167	544	724	0.988095238095238
GT2.hmm	168	gene_6946	821	6.8e-26	1	138	286	424	0.81547619047619
GH95.hmm	722	gene_6969	773	9.4e-283	6	716	4	740	0.983379501385042
CE9.hmm	373	gene_6990	212	4.4e-70	168	373	1	208	0.549597855227882
GH1.hmm	429	gene_699	481	2.2e-155	1	428	1	478	0.995337995337995
GH109.hmm	126	gene_6996	419	1.1e-12	1	118	11	123	0.928571428571429
GH25.hmm	177	gene_7001	527	2.8e-45	1	176	331	514	0.988700564971751
GH130.hmm	296	gene_7037	335	2.2e-89	1	295	27	329	0.993243243243243
GH92.hmm	491	gene_7038	757	1.8e-178	2	489	261	754	0.991853360488798
GH3.hmm	216	gene_709	820	5.1e-68	3	216	60	268	0.986111111111111
GT30.hmm	177	gene_7135	411	1.1e-48	9	176	41	206	0.943502824858757
GT90.hmm	250	gene_7137	190	2e-20	59	227	11	161	0.672
CE1.hmm	227	gene_7139	255	9.4e-42	6	220	16	247	0.94273127753304
CE1.hmm	227	gene_7140	250	7e-16	1	217	10	242	0.951541850220264
CE2.hmm	209	gene_7148	343	6.9e-06	69	209	141	339	0.669856459330144
GH2.hmm	752	gene_714	840	6.1e-104	28	521	6	698	0.655585106382979
GH3.hmm	216	gene_7164	847	2.7e-46	44	214	2	190	0.787037037037037
GH77.hmm	494	gene_7217	490	1.1e-165	1	476	8	472	0.961538461538462
GH28.hmm	325	gene_7232	457	4.5e-75	6	306	27	370	0.923076923076923
SLH.hmm	42	gene_724	700	9.1e-11	1	42	84	125	0.976190476190476
CBM30.hmm	91	gene_729	816	7.8e-05	6	90	244	317	0.923076923076923
GH9.hmm	418	gene_729	816	8.5e-38	7	358	336	762	0.839712918660287
CE1.hmm	227	gene_7302	608	4.6e-06	11	174	48	286	0.718061674008811
CBM9.hmm	182	gene_732	208	7.7e-08	32	164	40	187	0.725274725274725
GH43_26.hmm	292	gene_7363	353	2.6e-51	1	290	35	329	0.98972602739726
CE10.hmm	341	gene_7373	273	1.3e-34	60	310	25	254	0.733137829912023
CE3.hmm	194	gene_7389	368	3.2e-06	69	180	216	336	0.572164948453608
GH3.hmm	216	gene_7411	737	9.9e-49	3	209	68	315	0.953703703703704
GH88.hmm	329	gene_7419	380	2e-127	2	329	47	371	0.993920972644377
GH43_10.hmm	262	gene_7420	513	2.8e-82	2	262	2	271	0.99236641221374
GT2.hmm	168	gene_7472	322	4e-25	1	167	8	170	0.988095238095238
GH20.hmm	337	gene_7476	511	4e-78	95	336	1	246	0.71513353115727
CBM32.hmm	124	gene_7476	511	9.2e-08	29	107	392	484	0.629032258064516
GH1.hmm	429	gene_749	477	9e-155	4	428	3	473	0.988344988344988
GH25.hmm	177	gene_7526	347	2.8e-38	1	177	6	185	0.994350282485876
CBM9.hmm	182	gene_7549	216	7.1e-07	32	180	48	213	0.813186813186813
CE1.hmm	227	gene_7556	711	3.9e-17	6	210	472	692	0.898678414096916
CBM50.hmm	40	gene_7558	303	0.00012	1	39	260	302	0.95
CBM50.hmm	40	gene_7558	303	0.00035	4	28	206	232	0.6
GH73.hmm	128	gene_7558	303	7.5e-37	4	128	7	134	0.96875
GH92.hmm	491	gene_7571	758	4.3e-164	2	491	246	747	0.995926680244399
GH97.hmm	631	gene_7579	711	3.3e-262	3	630	7	696	0.993660855784469
GT3.hmm	637	gene_7580	1381	1.2e-119	1	348	4	339	0.544740973312402
GT35.hmm	674	gene_7580	1381	9.4e-135	19	557	675	1189	0.798219584569733
CE3.hmm	194	gene_7595	294	1.9e-07	64	184	156	284	0.618556701030928
CE6.hmm	99	gene_7616	474	6.4e-11	3	98	180	287	0.95959595959596
GH9.hmm	418	gene_7617	833	1.2e-27	12	357	395	767	0.825358851674641
GH20.hmm	337	gene_766	549	3.7e-129	9	336	153	506	0.970326409495549
GH109.hmm	126	gene_7678	378	1.2e-40	20	126	1	106	0.841269841269841
CE3.hmm	194	gene_768	234	1.5e-07	70	194	84	224	0.639175257731959
GH3.hmm	216	gene_7694	938	5.5e-65	3	215	146	371	0.981481481481482
CBM32.hmm	124	gene_7694	938	6.4e-12	10	122	829	936	0.903225806451613
GT5.hmm	472	gene_7737	252	9.8e-93	226	471	3	246	0.519067796610169
GT5.hmm	472	gene_7744	252	2.5e-90	226	471	3	246	0.519067796610169
GH63.hmm	570	gene_775	642	1.9e-113	258	568	205	640	0.543859649122807
GH2.hmm	752	gene_776	1047	2e-219	24	751	67	914	0.966755319148936
GT35.hmm	674	gene_7777	603	2.4e-190	1	502	86	603	0.743323442136498
GH77.hmm	494	gene_7778	522	2.1e-171	1	491	1	480	0.991902834008097
CBM50.hmm	40	gene_7788	616	1.4e-10	1	39	109	151	0.95
CBM50.hmm	40	gene_7788	616	3.3e-07	1	40	43	85	0.975
CBM50.hmm	40	gene_7788	616	5.9e-09	1	40	186	228	0.975
GH2.hmm	752	gene_779	1078	7.5e-235	14	751	74	942	0.980053191489362
GT2.hmm	168	gene_7795	307	2.7e-28	1	123	6	125	0.726190476190476
GT2.hmm	168	gene_7797	318	7.2e-32	1	118	12	127	0.696428571428571
GH63.hmm	570	gene_780	660	1.3e-104	235	565	192	657	0.578947368421053
GH13_5.hmm	343	gene_7807	477	3.4e-149	2	342	25	365	0.991253644314869
GT28.hmm	157	gene_7813	415	2.2e-47	1	156	231	402	0.987261146496815
AA6.hmm	195	gene_7831	167	1.5e-09	1	112	10	118	0.569230769230769
CE1.hmm	227	gene_7837	252	7.7e-11	72	216	84	243	0.634361233480176
GT2.hmm	168	gene_7855	760	1.4e-18	1	125	186	312	0.738095238095238
GH36.hmm	688	gene_7918	741	1.5e-266	1	686	24	722	0.995639534883721
GH1.hmm	429	gene_7946	400	2e-118	65	428	2	396	0.846153846153846
CE10.hmm	341	gene_7965	264	1.2e-33	81	333	13	256	0.73900293255132
GH77.hmm	494	gene_7971	513	1.6e-167	1	479	8	501	0.967611336032389
GT2.hmm	168	gene_7985	296	4.3e-20	1	164	6	175	0.970238095238095
GT2.hmm	168	gene_7986	400	9.8e-11	3	166	50	212	0.970238095238095
GH38.hmm	269	gene_8031	973	2.7e-88	3	266	181	458	0.977695167286245
GH76.hmm	358	gene_8036	377	1e-88	25	332	50	352	0.857541899441341
GH127.hmm	524	gene_8090	757	3.6e-208	18	524	2	516	0.965648854961832
GH3.hmm	216	gene_8116	762	3.4e-66	7	216	105	331	0.967592592592593
GH27.hmm	375	gene_8137	664	1.5e-31	124	342	368	568	0.581333333333333
CBM51.hmm	134	gene_8137	664	1.8e-34	11	133	42	164	0.91044776119403
GT4.hmm	160	gene_82	443	1.5e-20	9	146	246	378	0.85625
GH31.hmm	427	gene_8244	779	1.1e-126	1	427	262	692	0.997658079625293
GH2.hmm	752	gene_825	676	1.3e-87	23	486	16	567	0.615691489361702
GH92.hmm	491	gene_8261	705	2.8e-153	3	491	218	691	0.993890020366599
GH57.hmm	383	gene_8275	451	3.3e-52	10	313	9	306	0.7911227154047
CE4.hmm	130	gene_8287	270	5.5e-23	22	126	25	133	0.8
GH2.hmm	752	gene_8311	807	2.1e-116	24	492	13	669	0.622340425531915
GT2.hmm	168	gene_8355	367	4.5e-12	2	166	26	189	0.976190476190476
GH18.hmm	296	gene_8363	569	5.3e-73	3	286	30	328	0.956081081081081
GT2.hmm	168	gene_8373	265	2.4e-33	1	162	10	164	0.958333333333333
GT2.hmm	168	gene_84	324	3e-32	1	127	13	138	0.75
GH43_4.hmm	294	gene_8504	581	1.3e-84	2	294	113	471	0.993197278911565
CE10.hmm	341	gene_8573	713	2.9e-06	67	278	443	644	0.618768328445748
CBM50.hmm	40	gene_8667	640	2.3e-10	1	39	365	413	0.95
CBM32.hmm	124	gene_8717	1174	3.8e-17	10	123	1051	1172	0.911290322580645
GH38.hmm	269	gene_8717	1174	3.9e-52	1	224	2	228	0.828996282527881
GH38.hmm	269	gene_8760	1202	1.4e-50	1	220	31	250	0.814126394052045
CBM32.hmm	124	gene_8760	1202	3.4e-16	10	122	1078	1198	0.903225806451613
dockerin.hmm	21	gene_8792	1109	4e-05	1	16	74	89	0.714285714285714
dockerin.hmm	21	gene_8792	1109	9.3e-06	1	20	108	127	0.904761904761905
GH94.hmm	1036	gene_8794	828	2.4e-305	261	1035	3	824	0.747104247104247
CBM37.hmm	62	gene_8800	1041	1.4e-06	8	59	489	544	0.82258064516129
GH20.hmm	337	gene_8802	295	1.3e-52	157	336	1	196	0.531157270029674
GH3.hmm	216	gene_8823	762	1e-65	3	214	77	292	0.976851851851852
GT2.hmm	168	gene_88	403	8.4e-27	1	166	86	246	0.982142857142857
CBM3.hmm	88	gene_8862	917	2.6e-17	2	87	646	737	0.965909090909091
GH9.hmm	418	gene_8862	917	2e-128	1	418	42	602	0.997607655502392
CE10.hmm	341	gene_8869	268	8.4e-30	80	315	33	249	0.689149560117302
GH13_20.hmm	285	gene_8888	628	4e-74	1	284	181	509	0.992982456140351
GT35.hmm	674	gene_8889	517	3.9e-184	181	673	1	517	0.729970326409496
GH32.hmm	293	gene_8894	499	3.2e-89	1	293	37	347	0.996587030716723
GH31.hmm	427	gene_889	778	1.3e-121	2	427	314	731	0.995316159250585
GT28.hmm	157	gene_8899	369	3.1e-45	2	156	193	352	0.980891719745223
GH3.hmm	216	gene_890	720	1.3e-51	4	209	54	300	0.949074074074074
GH65.hmm	372	gene_8907	664	3.5e-102	1	371	294	633	0.994623655913978
GH78.hmm	504	gene_891	454	5.1e-134	73	504	2	432	0.85515873015873
CBM67.hmm	176	gene_892	394	1.8e-41	3	166	141	315	0.926136363636364
GH92.hmm	491	gene_893	711	4.6e-133	4	486	224	709	0.981670061099796
GH53.hmm	342	gene_8986	353	1.1e-87	2	313	46	330	0.909356725146199
GH2.hmm	752	gene_8987	820	1.2e-107	25	533	23	688	0.675531914893617
GT4.hmm	160	gene_90	375	1.6e-25	9	115	195	299	0.6625
GH84.hmm	295	gene_9041	737	1.5e-107	1	294	154	446	0.993220338983051
CBM48.hmm	76	gene_9043	659	2.3e-08	8	60	41	105	0.684210526315789
GH13_13.hmm	383	gene_9043	659	6.9e-59	5	383	195	518	0.986945169712794
GH30.hmm	417	gene_9062	633	1.7e-17	111	415	292	630	0.729016786570743
GH97.hmm	631	gene_9066	660	1.2e-182	5	630	34	645	0.990491283676704
CE2.hmm	209	gene_9072	370	2.4e-60	1	209	133	366	0.995215311004785
GH113.hmm	306	gene_9073	309	1.5e-103	2	305	7	299	0.990196078431373
GT35.hmm	674	gene_9082	418	1.7e-109	1	354	76	414	0.523738872403561
dockerin.hmm	21	gene_9115	1152	0.00065	1	18	1088	1105	0.80952380952381
GH9.hmm	418	gene_9115	1152	2.2e-95	1	418	45	464	0.997607655502392
CBM79.hmm	110	gene_9115	1152	7.6e-42	3	110	924	1033	0.972727272727273
GT2.hmm	168	gene_91	337	6.9e-33	1	153	5	158	0.904761904761905
CBM50.hmm	40	gene_9150	628	2e-10	1	39	352	400	0.95
CE14.hmm	124	gene_9161	224	4.2e-07	1	123	32	133	0.983870967741935
GT8.hmm	257	gene_9178	276	1.5e-46	31	255	5	251	0.8715953307393
CE10.hmm	341	gene_9231	327	6.1e-59	65	337	58	325	0.797653958944281
GH109.hmm	126	gene_9232	471	2e-56	1	126	64	188	0.992063492063492
CBM13.hmm	188	gene_9261	196	5.9e-11	69	166	81	182	0.515957446808511
CE12.hmm	210	gene_9316	271	2.5e-07	65	210	95	263	0.69047619047619
GH78.hmm	504	gene_932	871	1.7e-152	2	504	338	846	0.996031746031746
CBM67.hmm	176	gene_932	871	3.1e-43	3	171	135	314	0.954545454545455
GH106.hmm	824	gene_933	1080	5.4e-223	93	822	346	1074	0.884708737864078
GT83.hmm	540	gene_9340	599	1.2e-15	58	360	211	594	0.559259259259259
GH78.hmm	504	gene_934	587	1e-104	5	499	88	584	0.98015873015873
GT2.hmm	168	gene_9351	301	1.4e-31	1	131	7	136	0.773809523809524
CE10.hmm	341	gene_935	284	5.5e-33	77	311	48	259	0.686217008797654
GH43.hmm	248	gene_936	332	6.6e-64	3	246	30	309	0.979838709677419
GH25.hmm	177	gene_9376	207	2.6e-39	2	177	6	180	0.988700564971751
GH115.hmm	697	gene_937	919	1e-221	33	576	1	596	0.779053084648494
GH13_28.hmm	156	gene_9383	511	4.4e-41	2	155	79	348	0.980769230769231
CBM26.hmm	75	gene_9384	616	1.1e-20	1	70	159	237	0.92
CBM25.hmm	78	gene_9384	616	1.3e-08	3	73	520	587	0.897435897435897
GT2.hmm	168	gene_9386	326	5.6e-29	1	165	15	176	0.976190476190476
CBM48.hmm	76	gene_9457	605	1.2e-08	10	66	19	79	0.736842105263158
CE1.hmm	227	gene_9457	605	2.9e-47	1	222	121	344	0.973568281938326
GH13.hmm	299	gene_9506	596	6.6e-61	12	296	142	466	0.949832775919732
GH32.hmm	293	gene_9513	468	2.8e-85	1	293	16	325	0.996587030716723
GH73.hmm	128	gene_951	435	7.6e-18	1	126	213	345	0.9765625
GH125.hmm	402	gene_9550	483	7.6e-182	1	402	69	469	0.997512437810945
CBM22.hmm	131	gene_9568	1137	1.6e-17	4	129	28	152	0.954198473282443
CBM22.hmm	131	gene_9568	1137	1e-29	4	130	557	685	0.961832061068702
GH43.hmm	248	gene_9568	1137	3.1e-50	2	242	809	1115	0.967741935483871
GH10.hmm	303	gene_9568	1137	3.5e-83	2	301	184	527	0.986798679867987
GH13_20.hmm	285	gene_9607	529	3e-67	3	283	32	324	0.982456140350877
GT35.hmm	674	gene_9638	802	7.3e-113	209	637	222	684	0.635014836795252
GH20.hmm	337	gene_9654	717	4e-120	8	336	109	463	0.973293768545994
GH35.hmm	307	gene_9657	1100	6.7e-118	1	305	352	662	0.990228013029316
GH43_24.hmm	244	gene_9657	1100	7.3e-72	2	239	47	306	0.971311475409836
CE6.hmm	99	gene_9694	469	4.5e-09	4	91	180	279	0.878787878787879
GH92.hmm	491	gene_9701	752	3.4e-187	2	491	224	731	0.995926680244399
CBM30.hmm	91	gene_9720	1058	1.8e-06	7	86	258	333	0.868131868131868
GH9.hmm	418	gene_9720	1058	3.3e-102	4	417	359	910	0.988038277511962
CBM4.hmm	126	gene_9720	1058	4e-20	4	95	42	147	0.722222222222222
GH73.hmm	128	gene_9738	166	5.3e-26	3	126	12	163	0.9609375
CE2.hmm	209	gene_9791	212	4.1e-07	1	208	4	207	0.990430622009569
GH99.hmm	334	gene_9801	400	3.5e-15	51	314	82	389	0.787425149700599
GH109.hmm	126	gene_982	502	3.7e-51	1	125	56	179	0.984126984126984
GH2.hmm	752	gene_9856	1026	1.3e-225	15	749	43	897	0.976063829787234
GT27.hmm	295	gene_9882	338	2.5e-16	33	237	34	235	0.691525423728814
CE4.hmm	130	gene_9910	239	7.7e-31	2	124	53	177	0.938461538461538
CBM62.hmm	131	gene_9934	558	2.2e-10	58	131	352	421	0.557251908396947
CE11.hmm	271	gene_9951	463	7.5e-76	1	218	5	223	0.800738007380074
