Cazyme	MCTs29	MCTs37	MCTs05	MCTs04	MCTs07	MCTs06	MCTs01	MCTs03	MCTs28	MCTs27	MCTs26	MCTs25	MCTs24	MCTs23	MCTs22	MCTs21	MCTs20	MCTs36	MCTs09	MCTs08	MCTs16	MCTs31	MCTs14	MCTs15	MCTs12	MCTs13	MCTs10	MCTs11	MCTs18	MCTs19	MCTs32	MCTs33	MCTs34	MCTs35
L1_CAZyme;L2_Associated_Modules;L3_Carbohydrate-BindingModules;L4_CBM11	0	0	0	0	0.000143466	0	0	0	0	0	0	0	0	0	0	0	0	0	0	0	0	0	0	0	0	0	0	0	0	0	0	0.000109022	0	0
L1_CAZyme;L2_Associated_Modules;L3_Carbohydrate-BindingModules;L4_CBM12	0.000853485	0	3.79E-05	0	0	9.32E-05	2.17E-05	0	0	9.82E-06	0	0	0	0	2.55E-05	0	0	1.23E-05	0	0	0	0	0	6.03E-05	0	0.000136008	9.02E-05	4.25E-05	0	0	0.000279737	0	0	2.10E-05
L1_CAZyme;L2_Associated_Modules;L3_Carbohydrate-BindingModules;L4_CBM13	0	0	0.000322116	0.000756908	0.000278493	0	0.001379805	0.000426902	0.000995025	0.000844595	0.001261757	0.000376751	0	0.000285111	0.000165905	0.000395452	0	0.000356963	0.001426961	4.25E-05	0.000132736	0.000122861	0.000964153	6.03E-05	0.000266197	0	0.00050506	0	0	0.0007369	0.000419605	0	0.000286269	0.000430659
L1_CAZyme;L2_Associated_Modules;L3_Carbohydrate-BindingModules;L4_CBM16	0.013655761	0.000516713	0.000701076	0.000756908	0.001316511	0	0.000304209	0.001120618	0.002333162	0.000471402	5.74E-05	0.000672043	0.000557891	0.000912357	0.000510478	0.000667326	0.00054817	0.000147709	0.000930627	0.000424755	0.000481168	0.000160664	0.000370828	0.000361664	0	0.001360082	0.000342719	0.000481627	0.000169427	3.98E-05	0.000827554	0.00025075	0.001526766	0.000451666
L1_CAZyme;L2_Associated_Modules;L3_Carbohydrate-BindingModules;L4_CBM2	0	0	0	0	0	0	0	0	0.000548979	3.93E-05	0	0	0	0	0	0	0	0	7.24E-05	0	0	8.51E-05	0	0	0	0	0	0	0	0	0	0	0.000349884	0
L1_CAZyme;L2_Associated_Modules;L3_Carbohydrate-BindingModules;L4_CBM20	0	0.001238592	0.000985296	0.00068984	0.000742647	0.001770654	0.000956085	0.001013892	0.000446046	0.001050833	0.00131911	0.001058977	0.001578577	0.001235483	0.000842288	0.001248146	0.002133949	0.00091087	0.000899606	0.001153917	0.001061888	0.001247507	0.001161928	0.00111513	0.001185007	0.00017001	0.001912011	0.001076579	0.000720064	0.000604125	0.001480273	0.001079313	0.000572537	0.002384379
L1_CAZyme;L2_Associated_Modules;L3_Carbohydrate-BindingModules;L4_CBM22	0	0.002066854	0	0.001944966	0.001198363	0.002376404	0.002086004	0.001814333	0.001852805	0.00147313	0.001003671	0.002168866	0.001737069	0.000855334	0.001824957	0.0002348	0.000920143	0.000147709	0.001902615	0.002038823	0.002107184	0.002362703	0.001087763	0.001597348	0.001940664	0.002074124	0.000956006	0.000665779	0.000158838	0.001945151	0.000932455	0.00086127	0.000636153	0.002625968
L1_CAZyme;L2_Associated_Modules;L3_Carbohydrate-BindingModules;L4_CBM23	0	0	0	0	0.00071733	0	0	0.000302389	0.000514668	0	0.000105146	0	0	0	0.000114857	0	0	0	0.000196466	0	0	0.000481991	0	0	0	0	0.000144303	9.92E-05	0	0	0	0	0	0
L1_CAZyme;L2_Associated_Modules;L3_Carbohydrate-BindingModules;L4_CBM25	0	0	0	0	0	0	0.000108646	0	0.000480357	0	0.000248528	0	2.54E-05	0	0	0	0	0	0	0	0.00024888	0	0	0	0	0	0	0	0	0	0	0	0	0.000420155
L1_CAZyme;L2_Associated_Modules;L3_Carbohydrate-BindingModules;L4_CBM26	0	4.56E-05	0	0	2.53E-05	0.002329808	0.000130375	0	0.000137245	0.00034373	9.56E-05	0	0.002352016	0	0	0	0	0	0	0	0.000215696	0.001824007	0.001508035	0	0	0	0	0	0	0	2.33E-05	2.18E-05	0	0.001911704
L1_CAZyme;L2_Associated_Modules;L3_Carbohydrate-BindingModules;L4_CBM27	0	0	0	0	0.000160344	0	0	0	0	0	0	0	0	0	0	0	0	0	0	0	0	0	0	0	0	0	0	0	0	0	0	0	0	0
L1_CAZyme;L2_Associated_Modules;L3_Carbohydrate-BindingModules;L4_CBM3	0	0	0	0	5.06E-05	0	0.000315074	5.34E-05	0	0	0	0	0	0	0	0	0	0	0	0	0	0	0	0	0	0	0	0	0	0	0	2.18E-05	0	0
L1_CAZyme;L2_Associated_Modules;L3_Carbohydrate-BindingModules;L4_CBM30	0.00113798	0.001284185	0.001819009	0.000143717	0.000751087	0	0.001238565	0.000978317	0.000823469	0.000893699	0.001118376	0.001048794	0.00019653	0.001064416	0.000536001	0.000926841	0.000861411	0.000861634	0.000620418	0.000976936	0.001144848	0	0.00039555	0.000813743	0.000583917	0.001224073	0.000450946	0.000609117	0	5.31E-05	0.000477883	0.000490597	3.18E-05	0
L1_CAZyme;L2_Associated_Modules;L3_Carbohydrate-BindingModules;L4_CBM31	0	0	0	0	0	0	0	0	0	0	4.78E-05	0	0	0	0	0	0	0	0	0	0	0	0	0	0	0	0	0	0	0	0	0	0	0
L1_CAZyme;L2_Associated_Modules;L3_Carbohydrate-BindingModules;L4_CBM32	0.004836415	0.007158	0.007294983	0.006936726	0.006295624	0.012208192	0.005801699	0.006563617	0.004014411	0.006845145	0.006930106	0.006659335	0.007594921	0.007659995	0.00869088	0.01028176	0.010904677	0.008099359	0.007476036	0.006604936	0.007466401	0.005320808	0.007095179	0.0092827	0.00705852	0.007582455	0.011598333	0.007323569	0.009646745	0.011332329	0.008310508	0.00714091	0.01300932	0.003949455
L1_CAZyme;L2_Associated_Modules;L3_Carbohydrate-BindingModules;L4_CBM34	0.00170697	0	0.000151584	0.000220366	0.000388202	0.000465962	0.000641012	0.000160088	0.000823469	0.000324089	0.000191175	8.15E-05	0	0.000114045	0.000319048	0.000333663	0.000117465	0.000566217	0.000196466	0.000106189	0.00016592	0	0.000321384	0	0.000249023	0.000272016	0.00025253	7.08E-05	3.18E-05	5.97E-05	0.000186491	0	0	4.20E-05
L1_CAZyme;L2_Associated_Modules;L3_Carbohydrate-BindingModules;L4_CBM35	0.003698435	0.000706682	0.000625284	0.001073085	0.001510612	0	0.000162969	0.00044469	0.001063647	0.000756207	0.000334557	0.000712773	0.00019653	0.000475186	0.000523239	0.001000989	0.001429159	0.000529289	0.000413612	0.000587577	0.0008296	0.000292975	0.002274413	0.000421941	0.000540981	0.001802108	0.000847779	0.000736607	0.000804778	0.001035643	0.000384638	0.000610521	0.001431343	0.001964224
L1_CAZyme;L2_Associated_Modules;L3_Carbohydrate-BindingModules;L4_CBM36	0	0	0	5.75E-05	0	0	0	0	0	0	0	0	0	0	0	0	0	0	0	0	0	0	0	0	0	0	0	0	0	0	0	0	0	0
L1_CAZyme;L2_Associated_Modules;L3_Carbohydrate-BindingModules;L4_CBM37	0	0.001170204	0	0.000153298	0.002194185	0.000512558	9.78E-05	0.000604778	0.000171556	0.000667819	0.000420586	0	0.000291625	0.000399156	0.000370096	4.94E-05	7.83E-05	0	0.001189134	0.000219457	6.64E-05	0.000963983	0.000988875	0.000512357	0	0.000748045	0.000180378	0.000226648	0.000148249	0.000172607	0.000466228	0.000228945	0.000477114	0.000115543
L1_CAZyme;L2_Associated_Modules;L3_Carbohydrate-BindingModules;L4_CBM38	0	0.000136777	0.000170532	0	0	0	0.000336803	0.000266814	0	0.000245522	0.000191175	0.00016292	0	0.000209082	0.000204191	0.0002348	0	0	0	0.000155743	0.000514352	0	0	0.000271248	0	0	5.41E-05	0	0	0	0	0.000130826	0	0
L1_CAZyme;L2_Associated_Modules;L3_Carbohydrate-BindingModules;L4_CBM39	0	0	0	0	8.44E-06	0	0	0	0	0	0	0	0	0	0	0	0	0	0	0	0	0	0	0	0	0	0	4.25E-05	0	0	0	0	0	0
L1_CAZyme;L2_Associated_Modules;L3_Carbohydrate-BindingModules;L4_CBM4	0	0	5.68E-05	0.000402407	0.000666695	0	0.00014124	0	0.000754846	0.001001728	0.000172058	0	0.002833831	0.000190074	0.000114857	0	0.00023493	0	0.000806543	0	0.000431392	0.003657465	0.001903585	0.001084991	0.000274784	0	3.61E-05	0.000396634	0.000592994	0.000464712	0.002202926	0.000294358	0.000795191	0.003686859
L1_CAZyme;L2_Associated_Modules;L3_Carbohydrate-BindingModules;L4_CBM40	0	0.000197567	0	0.000210785	0.000219419	0	0	0	0	0.000304447	0	0.000142555	0	0.000380149	0.000102096	0.000568463	0	0	0.000217146	0	0.000431392	0.000103959	0	0	0	0	0	0	0	0.000285466	0	0.000119924	0	0
L1_CAZyme;L2_Associated_Modules;L3_Carbohydrate-BindingModules;L4_CBM41	0	0	0	0	0	0	0.000228157	0	0.000960714	0	0.000439703	0	0	0	0	0	0	0	0	0	0	0	0	0	0	0	0	0	0	0	0	0	0	0.000210077
L1_CAZyme;L2_Associated_Modules;L3_Carbohydrate-BindingModules;L4_CBM44	0	0	3.79E-05	9.58E-06	0.000151905	4.66E-05	0	0.000124513	0.000205867	4.91E-05	9.56E-06	0	0	1.90E-05	0.000255239	1.24E-05	0.000430705	9.85E-05	1.03E-05	0	0.000116144	7.56E-05	0	0.000271248	0	3.40E-05	0.000270568	0	0.000116481	3.32E-05	1.17E-05	0.000174434	0.000349884	0.000304612
L1_CAZyme;L2_Associated_Modules;L3_Carbohydrate-BindingModules;L4_CBM46	0	0	0	0.000114973	8.44E-06	0	0	0.000106725	0.000308801	0	9.56E-05	0	0	0	0.000102096	0	0	0	2.07E-05	0	0	0.000415836	0	0	0	0	0.000108227	0	0	0	0	0	0	4.20E-05
L1_CAZyme;L2_Associated_Modules;L3_Carbohydrate-BindingModules;L4_CBM47	0	0	0	0	3.38E-05	0	0	0	0	0	0	0	0	0	0	0	0	0	0	0	0	0	0	0	0	0	0	0	0	0	0	0	0.000190846	0
L1_CAZyme;L2_Associated_Modules;L3_Carbohydrate-BindingModules;L4_CBM48	0.00341394	0.001641325	0.001174776	0.00112099	0.002320773	0.001584269	0.002259838	0.001369644	0.002882141	0.002759664	0.002991894	0.001710655	0.000304304	0.001254491	0.001135813	0.001655957	0.002251414	0.003409608	0.00173717	0.00130966	0.00190808	0.001814556	0.001928307	0.002019289	0.001992186	0.001768106	0.002687639	0.002039833	0.001471896	0.001048921	0.000850865	0.001777051	0.001622189	0.001397015
L1_CAZyme;L2_Associated_Modules;L3_Carbohydrate-BindingModules;L4_CBM5	0	0	0	0	0	0	0	0	3.43E-05	0	0	0	0	0	0	0	0	0	1.03E-05	0	0	0	0	0	8.59E-06	0	0	0	6.35E-05	1.33E-05	0	1.09E-05	0	0
L1_CAZyme;L2_Associated_Modules;L3_Carbohydrate-BindingModules;L4_CBM50	0.001991465	0.001056223	0.001212672	0.001053923	0.002033841	0.001351288	0.001597097	0.001067255	0.002504718	0.001561518	0.001749254	0.001252444	0.001039705	0.001387543	0.001518671	0.001322294	0.002545077	0.002055612	0.00136492	0.000679608	0.001642608	0.001521581	0.00210136	0.003797468	0.001949251	0.0033322	0.001948087	0.002464799	0.00116481	0.000650596	0.001585174	0.001809757	0.002989917	0.000682752
L1_CAZyme;L2_Associated_Modules;L3_Carbohydrate-BindingModules;L4_CBM51	0	0	0.000795816	0.000402407	0.00020254	0.000652346	0.000901762	0	6.86E-05	0.00124725	0.00046838	0.000936787	0	0.001045409	0.000382858	0	0.000430705	0.000356963	0.001333899	0.000141585	0	8.51E-05	0	0.000542495	0.000317719	0	0.000198416	0.000764938	0	0.000199162	0	0.000109022	0.000508922	0
L1_CAZyme;L2_Associated_Modules;L3_Carbohydrate-BindingModules;L4_CBM54	0	0	0	0	0	0	0	0	0.000205867	0	4.78E-05	0	0	0	0	0	5.87E-05	0	3.10E-05	0	0.000116144	0	0	0	0	0	0	5.67E-05	0	0	6.99E-05	0	0	0
L1_CAZyme;L2_Associated_Modules;L3_Carbohydrate-BindingModules;L4_CBM56	0	0	0	8.62E-05	0	0	0	0	0	0	0	4.07E-05	0	0.000171067	0	0	0	0	0	0	0	0	0	0	0	0	0	0.000311641	0	0	0	0	0.000127231	0
L1_CAZyme;L2_Associated_Modules;L3_Carbohydrate-BindingModules;L4_CBM57	0	0.001276586	0.002065333	0.001954547	0.001257437	0	0.00040199	0.001120618	0.000892091	0.000491043	0.000401468	0.001211714	0.002783114	0.000608238	0.000931622	0.001779535	0.000195775	0.001674032	0.000579057	0.001833524	0.00091256	0.001247507	0.001211372	0	0.000798592	0.001700102	0.000685438	0.00069411	0.000868313	0.001168418	0.001608485	0.000665031	0.000349884	0
L1_CAZyme;L2_Associated_Modules;L3_Carbohydrate-BindingModules;L4_CBM58	0.001991465	0.000615497	0.000833712	0	0	0	0	0	0	0	0.000344116	0.000305474	0	0	0.000140381	0	0	0	0	5.66E-05	0.000381616	0	0	6.03E-05	0.000386415	0	0	0	0	0	0.00024477	0.00015263	0	5.25E-05
L1_CAZyme;L2_Associated_Modules;L3_Carbohydrate-BindingModules;L4_CBM6	0	0.001618529	0.000341064	0.000891044	0.001130849	0	0.00054323	0.000924954	0.000789158	0.001207967	0.000946318	0.002321603	0.001432765	0.000399156	0.000242477	0.000296589	0.00046986	0.001280142	0.001426961	0.000438913	0.000630496	0.002684031	0.00091471	0.000120555	0.001064789	0.001734104	0.000523097	0.000651613	0.000497692	0.000590848	0.002575908	0.001482693	0.000286269	0.002552441
L1_CAZyme;L2_Associated_Modules;L3_Carbohydrate-BindingModules;L4_CBM61	0	0	0	0.004014487	0.00030381	0	6.52E-05	0	0.000205867	0	0	0.001761567	0	0	3.83E-05	0	0	0	0.001230496	0.000155743	0	0.000453639	7.42E-05	0	0	0	0	0	9.53E-05	5.97E-05	6.99E-05	0.000654129	0	0
L1_CAZyme;L2_Associated_Modules;L3_Carbohydrate-BindingModules;L4_CBM62	0	0.000220363	0.000435804	0.00077607	0.00020254	0	0.00014124	0.000124513	0	0.000333909	0.000363233	0.000458211	0	0.000228089	0.000306287	0.000160652	0.00039155	0.000221563	0.000485994	0.000240694	0.00049776	0	0	0.000331525	0.000472285	0	0	0.000155821	0.000381211	0.000132775	9.32E-05	0.00025075	0	0.000252093
L1_CAZyme;L2_Associated_Modules;L3_Carbohydrate-BindingModules;L4_CBM65	0	0	0	0	0.000573864	0	0	0	0.000377423	0	0	0	0	0	0	0	0	0	0	0	0	0	0	0	0	0.00017001	0	0	0	0	0	0	0.000127231	0
L1_CAZyme;L2_Associated_Modules;L3_Carbohydrate-BindingModules;L4_CBM66	0	0.001109414	0.001193724	0.000574867	0.00173847	0	0.001966494	0.002757075	0.000995025	0.001915069	0.001099258	0.001109889	0.000285285	0.0028131	0.003343628	0.000827978	0.00323029	0.00065238	0.001799212	0.001727336	0.001692384	0.00023627	0.000296663	0.003857746	0.001185007	0.0016661	0.001677519	0.002110661	0.000476513	0.003239705	0.000792587	0.001101117	0.004357645	0.000472674
L1_CAZyme;L2_Associated_Modules;L3_Carbohydrate-BindingModules;L4_CBM67	0	0.002940707	0.003922237	0.00283601	0.004346175	0.004892596	0.006551357	0.002365748	0.002916452	0.00509703	0.003326451	0.002484523	0.007258918	0.004447739	0.005717349	0.005696985	0.00512931	0.005440603	0.005800908	0.004318339	0.004844865	0.005122341	0.00289246	0.002802893	0.004327852	0.002822169	0.007305327	0.00514208	0.00426744	0.007070258	0.005711289	0.005647315	0.004230414	0.002195309
L1_CAZyme;L2_Associated_Modules;L3_Carbohydrate-BindingModules;L4_CBM69	0	6.08E-05	0.000265272	0	0	0	0	0.000266814	0	0	0	0	0	0	0.000242477	0.00017301	0	0	1.03E-05	9.91E-05	0	0	0	0	0	0	0	0.00012749	0.000338854	0.000776733	0.000314704	0.000196239	0	0
L1_CAZyme;L2_Associated_Modules;L3_Carbohydrate-BindingModules;L4_CBM72	0	0.000106382	0.000132636	0	7.60E-05	0	0	0.000142301	0	0	0	0	0	0	0.000127619	0.000160652	0	0	0.000124084	9.91E-05	0.000116144	0	0	0	0	0	0	8.50E-05	0	0	0	0	0	0
L1_CAZyme;L2_Associated_Modules;L3_Carbohydrate-BindingModules;L4_CBM74	0	0	0	0	0	0.002096827	0	0	0.001818494	0	0	0	0	0	0	0	0	0	0	0	0	0	0	0	0	0	0	0	0	0	0	0	0	0
L1_CAZyme;L2_Associated_Modules;L3_Carbohydrate-BindingModules;L4_CBM76	0	0	0	0	0	0	0	0	0	0	0	0	0	0	0	2.47E-05	0	0	0	0	0	0	0	0	0	0	0	0	0	0	0	0	0	0
L1_CAZyme;L2_Associated_Modules;L3_Carbohydrate-BindingModules;L4_CBM77	0	0	0	0	0	0.000232981	0	0	0	0	0	0	0	0	0	7.41E-05	0	0	0	0	0	0	0.000148331	0	0	0	0	0	0	0	0	0	0	0
L1_CAZyme;L2_Associated_Modules;L3_Carbohydrate-BindingModules;L4_CBM78	0	0	0	0	0	0	0	0	0	0	0	0	0	0	0	0	0	0	6.20E-05	0	0	0	0	0	0	0	0	0	0	0	0	0	0	0
L1_CAZyme;L2_Associated_Modules;L3_Carbohydrate-BindingModules;L4_CBM79	0	0	0	0	0	0	0.000336803	0	0	0	0	0	0	0	0	0	0	0	0	0	0	0	0	0	0	0	0	0	0	0	0	8.72E-05	0	0
L1_CAZyme;L2_Associated_Modules;L3_Carbohydrate-BindingModules;L4_CBM9	0	0.001793299	0.000511596	0.000814395	0.001181484	0.004007269	0.002042546	0.001654245	0.001029336	0.001207967	0.001261757	0.000763685	0.000418418	0.001976773	0.001442099	0.00081562	0.002349302	0.00156325	0.00104437	0.001741494	0.00182512	0.000283524	0	0.000693189	0.001683054	0.000850051	0.00142499	0.001586537	0.000857724	0.000743539	0.000221458	0.000850368	0.003021725	9.45E-05
L1_CAZyme;L2_Enzyme_Classes;L3_AuxiliaryActivities;L4_AA6	0.000853485	9.88E-05	0.00018948	0.001197639	0.000362885	0	0.000249886	0.000462477	0.000720535	0.000402656	0.000554409	0.000152737	0.00114748	0.001349528	0.001135813	0.002286209	0.001174651	0.000123091	0.000392931	0.001026491	0.001609424	0.001332565	0.000494438	0.003616637	0.000420763	0.000748045	0.000523097	0.000736607	0.002170782	0.001334387	0.001293782	0.000839466	0.001494958	0.001691123
L1_CAZyme;L2_Enzyme_Classes;L3_AuxiliaryActivities;L4_AA7	0	0	0	0	0	0	0	0	0	0	0	0	0	0	0	0	0	0	0	0	0	0	0	0	0	0	0	0.000297476	0	0.000225717	0	0	0	0
L1_CAZyme;L2_Enzyme_Classes;L3_CarbohydrateEsterases;L4_CE1	0.026458037	0.018221746	0.019308019	0.013653087	0.016034432	0.016728018	0.026531366	0.021683061	0.016297821	0.024434318	0.01985356	0.020863881	0.015570221	0.024538595	0.01711376	0.02716263	0.026155563	0.025910562	0.019181255	0.016055728	0.016459267	0.019686044	0.033349815	0.026220615	0.021390237	0.026011561	0.017713162	0.023783891	0.014030666	0.014167071	0.018497581	0.0217716	0.025223449	0.028244908
L1_CAZyme;L2_Enzyme_Classes;L3_CarbohydrateEsterases;L4_CE10	0.011379801	0.011519669	0.012467788	0.017514276	0.013477362	0.031871767	0.01196193	0.011259539	0.018871161	0.013788498	0.011948459	0.013196481	0.012970958	0.014692745	0.017254141	0.016732575	0.013273557	0.012506001	0.011363989	0.015439833	0.016791107	0.01545208	0.019184178	0.01217601	0.016435533	0.022407344	0.016865384	0.017126101	0.012272862	0.009758947	0.018590827	0.015753611	0.020356882	0.011701312
L1_CAZyme;L2_Enzyme_Classes;L3_CarbohydrateEsterases;L4_CE11	0	0.002613962	0.001989541	0.001331775	0.002194185	0.00507898	0.000445449	0.002259023	0.001372448	0.001433847	0.003173511	0.00169029	0.00437437	0.002623026	0.001799433	0.001482946	0.004502829	0.003175736	0.001344239	0.001727336	0.002555168	0.00499948	0.00566131	0.004098855	0.003477738	0.001632098	0.004166742	0.003130578	0.002806133	0.001407413	0.005839501	0.002867266	0.005152836	0.001712131
L1_CAZyme;L2_Enzyme_Classes;L3_CarbohydrateEsterases;L4_CE12	0	0.003829758	0.002955889	0.005777412	0.003358792	0.004659615	0.000488907	0.002347961	0.003774232	0.002101666	0.003326451	0.002168866	0.00970603	0.003326301	0.004071058	0.003657934	0.002897473	0.002240248	0.003681147	0.002916649	0.001559648	0.00790088	0.005043263	0.001024714	0.004491005	0.003638218	0.00643951	0.002379806	0.006173493	0.006027976	0.009907337	0.002965386	0.002353764	0.011281157
L1_CAZyme;L2_Enzyme_Classes;L3_CarbohydrateEsterases;L4_CE14	0.003129445	0.001740108	0.002292709	0.001331775	0.001485295	0.002516192	0.00124943	0.00161867	0.000686224	0.001384742	0.001376462	0.001669925	0.001832164	0.002261884	0.002092958	0.002113198	0.00299536	0.001341687	0.001768191	0.001621147	0.00257176	0.00173895	0.000469716	0.002802893	0.002378601	0.002074124	0.002218655	0.001742358	0	0.000444796	0.003601608	0.001210139	0.002449187	0.002153293
L1_CAZyme;L2_Enzyme_Classes;L3_CarbohydrateEsterases;L4_CE15	0	0.001413363	0	0.001168896	0.002177307	0.000792135	0	0.001743183	0.003842855	0.0011294	0.001816166	0.002128136	0	0	0.000931622	0	0.002564655	0.001366305	0.000734161	0.000884906	0.000962336	4.73E-05	0.0023733	0.000753466	0	0	0.000847779	0.000254979	0.002520225	0	0.000174835	0.001210139	0.001399536	0
L1_CAZyme;L2_Enzyme_Classes;L3_CarbohydrateEsterases;L4_CE2	0	0.000281153	0	0.001015598	0.002590827	0.000885327	0.002172921	0.00103168	0.001338137	0.001188325	0.000946318	0.001232079	0.000589589	0.001254491	0.001059241	0.004226396	0.000724368	0.001415541	0.001333899	0.000573419	0.000846192	0.00127586	0.001433869	0.001959011	0.000583917	0.002788167	0.001208536	0	0.000624762	0.000663874	0.002179614	0.000643227	0.002321957	0.00078779
L1_CAZyme;L2_Enzyme_Classes;L3_CarbohydrateEsterases;L4_CE3	0.012517781	0.00548628	0.007446567	0.004838462	0.007806237	0.003820884	0.008039808	0.006830431	0.005524104	0.006039833	0.007025694	0.005641088	0.008121113	0.006196423	0.0090865	0.008217993	0.007791852	0.010056499	0.006317923	0.005819139	0.005176705	0.001927966	0.004573548	0.007353828	0.00645743	0.005882353	0.007034759	0.006360314	0.007147698	0.006379829	0.0028673	0.005320251	0.006902255	0.00051469
L1_CAZyme;L2_Enzyme_Classes;L3_CarbohydrateEsterases;L4_CE4	0.0056899	0.002120045	0.002766409	0.00335339	0.004329297	0.001444481	0.003520132	0.001921059	0.004117344	0.002887335	0.003297775	0.00251507	0.001508841	0.002680048	0.002718293	0.001495304	0.004561562	0.002904937	0.00278154	0.002654717	0.006238593	0.002929752	0.003362176	0.005003014	0.002825126	0.006154369	0.002525298	0.002663116	0.000815367	0.002542637	0.003007168	0.00339057	0.006552371	0.004107013
L1_CAZyme;L2_Enzyme_Classes;L3_CarbohydrateEsterases;L4_CE6	0	0.003396631	0.004339094	0.001571303	0.002076037	0.002003634	0.002390213	0.002365748	0.002161606	0.003329274	0.002599985	0.002077224	0.004583579	0.00273707	0.002948008	0.002768166	0.001252961	0.002904937	0.003546723	0.002704272	0.003252033	0.003912637	0.00538937	0.00331525	0.002344253	0.002856171	0.001875936	0.002238151	0.004489813	0.00331937	0.003286905	0.002899973	0.002989917	0.00436961
L1_CAZyme;L2_Enzyme_Classes;L3_CarbohydrateEsterases;L4_CE7	0.00512091	0.005805427	0.00456647	0.004598935	0.004278662	0.004426634	0.00302036	0.004944947	0.000892091	0.004105123	0.005448497	0.004643206	0.006948275	0.003744464	0.004811251	0.003596144	0.001272539	0.001366305	0.003701827	0.00478557	0.004546209	0.00534916	0.004721879	0.002712477	0.004250569	0.001530092	0.001064233	0.003768026	0.003865051	0.002257171	0.003566641	0.003630417	0.008269983	0.00548302
L1_CAZyme;L2_Enzyme_Classes;L3_CarbohydrateEsterases;L4_CE8	0.008250356	0.005281115	0.001553737	0.006994213	0.00511414	0.012114999	0.002401078	0.002899376	0.011219763	0.00294626	0.005209528	0.00494868	0.008812137	0.000513201	0.003139437	0.006487889	0.001292116	0.004418951	0.003825911	0.002874173	0.002505392	0.010877886	0.011199011	0.000753466	0.006122537	0.002618157	0.002669601	0.00347055	0.004849845	0.004501066	0.004615654	0.004982284	0.003657877	0.010629917
L1_CAZyme;L2_Enzyme_Classes;L3_CarbohydrateEsterases;L4_CE9	0.014509246	0.007849484	0.00674549	0.007367876	0.006017132	0.011229672	0.007322744	0.004660346	0.006073083	0.005872879	0.007761719	0.009897361	0	0.002470966	0.005589729	0.008613445	0.00299536	0.012161347	0.004311905	0.00478557	0.003534097	0.001663343	0.004351051	0.0053044	0.011781375	0.005678341	0.010317646	0.005864521	0.011245711	0.010442738	0.003997902	0.004982284	0.009065174	0.002321355
L1_CAZyme;L2_Enzyme_Classes;L3_GlycosideHydrolases;L4_GH1	0.009388336	0	0.004244353	0.002424022	0.009156504	0	0.014699811	0.006403529	0.017361469	0.009575346	0.007780837	0.004001711	0.000158492	0.001121438	0.002207815	0.00514088	0.00031324	0.012296747	0.002678138	0.001925555	0.001758752	0.000387483	0.003782447	0.000693189	0.001794685	0.002618157	0.008658165	0.002110661	0.000815367	0.000936062	0.0048138	0.000566912	0.005152836	0.002920076
L1_CAZyme;L2_Enzyme_Classes;L3_GlycosideHydrolases;L4_GH10	0	0.001823694	0	0.003592918	0.003730115	0	0.001684014	0.002116722	0.003774232	0.005038105	0.001271316	0.002067041	0.004304634	0.001026401	0.001531433	0.002001977	0.000685213	0.002880319	0.005707845	0.001833524	0.001294176	0.005311357	0.005809642	0.000693189	0.001313812	0.002686161	0.001912011	0.0004108	0.002827312	0.00057757	0.012646425	0.003510493	0.002862686	0.012751699
L1_CAZyme;L2_Enzyme_Classes;L3_GlycosideHydrolases;L4_GH101	0	0	0.000530544	0	0	0	0	0	0	0	0	0	0	0	0	0	0	0	0	0	0	0	0	0	0	0	0	0	0	0	0	0	0	0
L1_CAZyme;L2_Enzyme_Classes;L3_GlycosideHydrolases;L4_GH102	0	0	0	0	0	0	0	0	0	0.000196417	6.69E-05	0	0	0	0	0	0	0.001132433	0	0	0	0	0	0	0.000188914	0	0	0.000269145	0.000180016	0	0.00016318	0.000109022	0	0
L1_CAZyme;L2_Enzyme_Classes;L3_GlycosideHydrolases;L4_GH103	0	0	0	0	0	0	0	0	0	0	0	0	0	0	0	0	0	0.001021652	0	0	0	0	0.000766378	0	0.000145979	0	0	0	0.000285908	0	0	0	0	0
L1_CAZyme;L2_Enzyme_Classes;L3_GlycosideHydrolases;L4_GH105	0.012517781	0.011876809	0.007598151	0.014362089	0.012456222	0.010251153	0.00853958	0.011953254	0.008886601	0.010665462	0.0139558	0.011801483	0.007182842	0.005816274	0.00960974	0.009058329	0.0058341	0.010868896	0.014445398	0.011694913	0.007831425	0.013221688	0.018961681	0.004189271	0.016238032	0.00816049	0.013041361	0.00722441	0.014729552	0.015123049	0.014313188	0.014478059	0.007347562	0.006260307
L1_CAZyme;L2_Enzyme_Classes;L3_GlycosideHydrolases;L4_GH106	0	0.013259778	0.00646127	0.009868547	0.010169205	0.006476865	0.010821147	0.008929366	0.0039801	0.016341923	0.011738166	0.010457397	0.00628261	0.019482618	0.015390898	0.013408304	0.001194229	0.008247067	0.014590162	0.011326792	0.013721586	0.007125913	0.007861557	0.005213984	0.016495642	0.014280857	0.007323364	0.010666629	0.019568809	0.011285857	0.016061542	0.007533388	0.005343681	0.007279182
L1_CAZyme;L2_Enzyme_Classes;L3_GlycosideHydrolases;L4_GH108	0.003698435	0.000243159	0	0.000574867	0.000135027	0	0.000608418	0.000622565	0.000137245	0.00045176	0.000238969	0.000152737	3.80E-05	0.00081732	0.000204191	0	9.79E-05	0.000209254	0.000744502	0.000247774	0.000613904	0.000122861	0.000469716	0.000180832	0.000652613	0.000578035	7.22E-05	0.000269145	0.000232962	0	0.000268081	0.000414282	0	0
L1_CAZyme;L2_Enzyme_Classes;L3_GlycosideHydrolases;L4_GH109	0.013086771	0.006390529	0.008640291	0.005643276	0.007232373	0.008666884	0.006084179	0.007150607	0.009915938	0.007630814	0.008058041	0.007361926	0.002504168	0.007241832	0.006968019	0.008193277	0.009749604	0.00860403	0.007341612	0.004870521	0.005873569	0.003572407	0.003535229	0.007926462	0.011609635	0.010642639	0.009127149	0.012394821	0.006671185	0.013224369	0.005851157	0.008721723	0.012214129	0.003319223
L1_CAZyme;L2_Enzyme_Classes;L3_GlycosideHydrolases;L4_GH110	0	0.002735542	0.001023192	0.007070862	0.006447529	0	0.002248973	0.009071666	0.002607651	0.002985544	0.00325954	0.005325432	0.000963629	0.004485754	0.007861354	0.004757785	0.006969596	0.005268276	0.003505361	0.003582098	0.004446657	0.00138927	0.001137206	0.008197709	0.011051479	0.002686161	0.008297408	0.00514208	0	0.003664584	0.003042135	0.006236032	0.016794427	0
L1_CAZyme;L2_Enzyme_Classes;L3_GlycosideHydrolases;L4_GH112	0.014509246	0	0	0.001571303	0.006278746	0.002516192	0.003650507	0.003682029	0.003671299	0.00441939	0.002676455	0.002586347	0.000342342	0.000969379	0.001608004	0.003781513	0.001703244	0.007286961	0.002109421	0.000828272	0.001277584	0.001559384	0	0.000994575	0.001683054	0.001972118	0.004780028	0.001855682	0.000963616	0.001029005	0.002494318	0.001221041	0.0037533	0.001323488
L1_CAZyme;L2_Enzyme_Classes;L3_GlycosideHydrolases;L4_GH113	0.00227596	0	0	0	0.000970505	0	0.001597097	0.000337964	0	0	0.000506615	0	0	0.000437171	0	0.000531389	0	0	0	0	0	0.000189016	0.000543881	0	0	0	0	0.000311641	0	0	0	0	0	0
L1_CAZyme;L2_Enzyme_Classes;L3_GlycosideHydrolases;L4_GH114	0	0	0	0	0	0.000978519	0	0	0	0	0	0	0	0	0	0	0	0	0	0	0	0	0	0	0	0	0	0.000113324	0	0	0	0	0	0
L1_CAZyme;L2_Enzyme_Classes;L3_GlycosideHydrolases;L4_GH115	0.012517781	0.008183828	0.003031681	0.019593378	0.01021984	0.001491077	0.006073314	0.00551415	0.005249614	0.011961816	0.008210981	0.011414549	0.009877201	0.007888084	0.012532224	0.009503213	0.005344662	0.012099802	0.012005087	0.014434581	0.005259665	0.012191549	0.02249691	0.004701627	0.003881328	0.003026182	0.0071971	0.010114174	0.028431954	0.02254516	0.021842765	0.011905151	0.002958109	0.033381301
L1_CAZyme;L2_Enzyme_Classes;L3_GlycosideHydrolases;L4_GH116	0	0.001230994	0.002160073	0	0.000177223	0	0.003291975	0.002988314	0	0.001374921	0.000363233	0.001058977	0.00095729	0.00222387	0.001263432	0.001779535	0	0.000578526	0	0.000445992	0.002173552	0	0	0.002863171	0	0	0.000685438	0.0004108	0	0	0	0.00126465	0.001081459	0
L1_CAZyme;L2_Enzyme_Classes;L3_GlycosideHydrolases;L4_GH117	0	0	0.001781113	0.000632354	0.000641377	0	0	0.00110283	0	0.000707102	0.000860289	0.001914304	0.000126793	0.001140446	0	0	0.000704791	0.000935488	0.00137526	0.001359215	0.001012112	0	0	0.000843882	0.001597183	0.001020061	0.000378795	0	0.000158838	0	0	0.000294358	0	0
L1_CAZyme;L2_Enzyme_Classes;L3_GlycosideHydrolases;L4_GH120	0	0.002545573	0	2.87E-05	0.000109709	0	0	0	0.000686224	0	0.000124264	0	0	0	0	0	0	0	0	0	9.96E-05	0	0	0	0	0	0	0	0.000105892	6.64E-05	0	6.54E-05	0.000477114	5.25E-05
L1_CAZyme;L2_Enzyme_Classes;L3_GlycosideHydrolases;L4_GH121	0	0	0	0	0	0	0	0	0.009572826	0	0	0	0	0	0	0	0	0	0	0	0	0	0	0	0	0	0	0	0	0	0	0	0	0
L1_CAZyme;L2_Enzyme_Classes;L3_GlycosideHydrolases;L4_GH123	0.009672831	0.004270484	0.001800061	0.00335339	0.004219587	0.010763711	0.000912627	0.00713282	0.004117344	0.003152498	0.004980118	0.002382698	0	0.001501587	0.006100207	0.001779535	0.002819162	0.004382024	0.00208874	0.003681207	0.005176705	0.000916729	0.000692213	0.002411091	0.003263063	0.003026182	0.0091993	0.007493555	0.002096658	0.007295975	0.001736698	0.004611611	0.015617545	0.00111341
L1_CAZyme;L2_Enzyme_Classes;L3_GlycosideHydrolases;L4_GH125	0.012802276	0.00370058	0.004073821	0.000661097	0.00603401	0.007408788	0.011603398	0.007577509	0.004940813	0.007002278	0.006633785	0.007117546	0.00665031	0.010245006	0.00789964	0.007328225	0.011217917	0.00846863	0.006762556	0.00778009	0.003749793	0.003052613	0.006007417	0.010307414	0.004070242	0.001156069	0.001443027	0.005935349	0.002371977	0.010515764	0.006678711	0.005876261	0.010623748	0.000283605
L1_CAZyme;L2_Enzyme_Classes;L3_GlycosideHydrolases;L4_GH126	0	0	0	0	0.000447276	0	0	0	0	0	0	0	0	0	0	0	0	0	0	0	0	0	0	0	0	0	0	0	0	0	0	0	0	0
L1_CAZyme;L2_Enzyme_Classes;L3_GlycosideHydrolases;L4_GH127	0.033001422	0.01736309	0.016996362	0.02925114	0.01278535	0.001677461	0.012418244	0.021896512	0.015920398	0.016999921	0.010801407	0.022941105	0.038342304	0.01613731	0.016437377	0.016868512	0.009788759	0.011964402	0.019718951	0.024295969	0.020474531	0.039986391	0.014091471	0.009493671	0.023597098	0.014620877	0.013708761	0.017621894	0.031820492	0.013224369	0.016655982	0.025521941	0.006806832	0.021186307
L1_CAZyme;L2_Enzyme_Classes;L3_GlycosideHydrolases;L4_GH128	0	0	0	0.000469475	0	0	0	0	0	0.000186596	0	0.000152737	0	0.000228089	0	0	0	0	0	0	0	0.000604852	0	0	0	0	0	0	0	0	0	0	0	0.000126046
L1_CAZyme;L2_Enzyme_Classes;L3_GlycosideHydrolases;L4_GH129	0	0	0	0.001600046	0.001662517	0	0	0	0.00257334	0	0	0	0	0	0	0	0	0	0	0	0	0	0	0	0	0	0.00209239	0	0	0	0	0	0.002767264	0.000315116
L1_CAZyme;L2_Enzyme_Classes;L3_GlycosideHydrolases;L4_GH13	0.075391181	0.01455916	0.01216462	0.010002683	0.032600532	0.051721728	0.026520502	0.02043793	0.065500086	0.030562539	0.029842472	0.014825676	0.038538834	0.021516413	0.024745399	0.015509145	0.043364201	0.033135978	0.02282104	0.016530037	0.027891156	0.050174368	0.040543881	0.03583484	0.020583058	0.047738864	0.033009253	0.021191603	0.01333178	0.018535361	0.037857684	0.024148269	0.03606985	0.046868271
L1_CAZyme;L2_Enzyme_Classes;L3_GlycosideHydrolases;L4_GH130	0.00625889	0.009733969	0.01036456	0.007042119	0.01185704	0.008200923	0.010636449	0.009498568	0.010808029	0.009565525	0.010763172	0.008512545	0.010327317	0.011423467	0.009699073	0.012901631	0.007928894	0.009207174	0.009564777	0.008268558	0.009789282	0.012134844	0.006328801	0.015611814	0.011206045	0.01315879	0.008315446	0.012763124	0.013215299	0.00779388	0.006259106	0.007609703	0.008651675	0.007247671
L1_CAZyme;L2_Enzyme_Classes;L3_GlycosideHydrolases;L4_GH133	0	0.003548605	0.004339094	0.003774959	0.00521541	0.009598807	0.004063362	0.002970526	0.002950763	0.002337366	0.005094823	0.004449739	0.004152482	0.005778259	0.005742872	0.002026693	0.009788759	0.004640514	0.004260203	0.00478557	0.003600465	0.005103439	0.006205192	0.008438819	0.003142845	0.005882353	0.004924331	0.005340397	0.004246262	0.004381568	0.00557142	0.007337149	0.008969751	0.008003949
L1_CAZyme;L2_Enzyme_Classes;L3_GlycosideHydrolases;L4_GH136	0	0.001291783	0.001875853	0.003592918	0	0	0	0	0	0.00010803	0.001911753	0.00086551	0	0	0	0.000963915	0.001801132	0.001218597	0.000651439	0.001564513	0	0.00022682	0	0.001567209	0	0	0.001551255	0.001756523	0.002054301	0	0.002820677	0.001635323	0	0
L1_CAZyme;L2_Enzyme_Classes;L3_GlycosideHydrolases;L4_GH137	0.011095306	0.002955905	0.003240109	0.003717472	0.002582387	0	0	0.002294598	0.002985075	0.000952624	0.00022941	0.002840909	0.004723052	0.001463572	0.000510478	0.00233564	0.000704791	0.00051698	0.000579057	0.002513132	0.002372656	0.001795655	0.00210136	0	0.002722081	0.003604216	0.001479103	0.002507295	0	0.002164229	0.000710997	0.003379667	0.000508922	0
L1_CAZyme;L2_Enzyme_Classes;L3_GlycosideHydrolases;L4_GH138	0	0.004468051	0.004869638	0.006515157	0.00357821	0	0.001466722	0.003183977	0.003568365	0	0.00302057	0.004643206	0.012298953	0	0.000957145	0.003114187	0	0.003705026	0.004198161	0	0.004181185	0.003846481	0.005933251	0.001205546	0.004336439	0	0	0.005609542	0.002795544	0.006220499	0	0.002169528	0	0
L1_CAZyme;L2_Enzyme_Classes;L3_GlycosideHydrolases;L4_GH139	0	0.003305446	0.00513491	0	0.003147812	0	0.000347667	0.002436899	0.002641963	0.000599073	0.003106599	0.003278755	0	0.002014788	0.001467623	0.002595156	0	0.00521904	0.003205493	0.003058234	0.002870416	0.001152999	0	0.000753466	0.003967198	0.004726284	0.001406952	0.003697198	0.00879961	0.004401484	0	0.00470973	0.000954229	0
L1_CAZyme;L2_Enzyme_Classes;L3_GlycosideHydrolases;L4_GH140	0	0.003951338	0.004642262	0.004091136	0.002953711	0.006756442	0.001010408	0.00227681	0.003534054	0.002445396	0.003288216	0.002301238	0.006453781	0.004998955	0.004300773	0.005363322	0	0.002831083	0.004766878	0.004927155	0.004446657	0.002806892	0.002521632	0.001295961	0.003520673	0.002788167	0.001262649	0.004008839	0.006374688	0.002516082	0.000734309	0.005385664	0	0
L1_CAZyme;L2_Enzyme_Classes;L3_GlycosideHydrolases;L4_GH141	0.010241821	0.009703574	0.005475974	0.007090024	0.005240727	0	0.000999544	0.003504153	0	0.002131128	0.005639673	0.003064923	0.004704033	0.001102431	0.002782103	0.00514088	0	0.004862077	0.003825911	0.005564287	0.003799569	0.007513397	0.00210136	0.001476793	0.004302091	0.002754165	0.001641444	0.006020342	0.008598416	0.006930844	0.000710997	0.004775143	0.00133592	0
L1_CAZyme;L2_Enzyme_Classes;L3_GlycosideHydrolases;L4_GH142	0	0.002218828	0.002387449	0.003104281	0.002084476	0	0	0.000426902	0.001921427	0.001188325	0	0.001934669	0.00626993	0.001197468	0.001901529	0.001841325	0	0	0.001106412	0.002867094	0.002472208	0.002239843	0.003436341	0.001476793	0.002653385	0.002482149	0	0.003088081	0.003134398	0.002887852	0.001235503	0.003281548	0	0
L1_CAZyme;L2_Enzyme_Classes;L3_GlycosideHydrolases;L4_GH143	0	0.002933108	0.002633773	0.003976162	0.003130934	0	0	0	0.001029336	0.000962445	0	0.002372515	0.009927918	0.001216476	0	0.001643599	0	0	0.001406281	0.002881253	0.002256512	0.002693482	0.004227441	0.00066305	0.00318578	0.002584155	0	0.002110661	0.000963616	0.002469611	0.000559473	0.003357863	0	0
L1_CAZyme;L2_Enzyme_Classes;L3_GlycosideHydrolases;L4_GH144	0.00455192	0.009095676	0.012183568	0.006160656	0.006228111	0.000559154	0.010267052	0.00926733	0.001166581	0.006422847	0.00620364	0.009204953	0.000855855	0.007184809	0.006444779	0.008662877	0.007047906	0.009059465	0.007052084	0.011730309	0.012078978	0	0.000593325	0.007383966	0.008200593	0.008908535	0.003481304	0.009675043	0.005336948	0.006452855	0	0.011283729	0.004866567	0
L1_CAZyme;L2_Enzyme_Classes;L3_GlycosideHydrolases;L4_GH145	0.009672831	0.004262886	0.007351827	0.00387077	0.003839824	0	0.004791291	0.004873797	0.003808543	0.004576524	0.004836736	0.003869339	0.000240907	0.005227044	0.003496771	0.004621849	0.004111279	0.005059022	0.004766878	0.005394385	0.004297329	0.000737163	0.000197775	0.004339964	0.002807952	0.002720163	0.004761991	0.005623707	0.007655979	0.002535999	0.000606096	0.004415372	0.00254461	0
L1_CAZyme;L2_Enzyme_Classes;L3_GlycosideHydrolases;L4_GH15	0	0.000820662	0.000682128	0.001667114	0.001046458	0	0.001075596	0.001120618	0.000651913	0.00034373	0.000898524	0.000437846	0	0.000532208	0.001391051	0.000444884	0.001801132	0	0.000661779	0.000573419	0.000564128	0	0	0.000904159	0.000755657	0	0.000559173	0.001416551	0.001461307	0.000783371	0	0.001057509	0	0
L1_CAZyme;L2_Enzyme_Classes;L3_GlycosideHydrolases;L4_GH16	0	0.000782669	0	0.000680259	0.001561247	0.010390942	0	0.000533627	0.001235203	0.000923162	0.0029441	0.001160802	0.001483482	0.001311513	0.000229715	0.000951557	0.000332818	6.15E-05	0.001096072	0.000998174	0.00074664	0.000548147	0.001903585	0.002772755	0.001107724	0.00132608	0	0.001005751	0.002668474	0.003465422	0.003193659	0.000937585	0.001463151	0.000220581
L1_CAZyme;L2_Enzyme_Classes;L3_GlycosideHydrolases;L4_GH18	0	0.003563803	0.005248598	0.002481508	0.004025486	0	0.00467178	0.004571408	0.007308286	0.005853237	0.004158064	0.002616895	0.000266266	0.006386497	0.00408382	0.002286209	0.002956205	0.004012752	0.004456669	0.005415622	0.006869089	0.001086844	0	0.002833032	0.001846207	0.00316219	0.002164541	0.003668867	0.001535431	0.003956689	0.001550207	0.002910875	0.002353764	0.00279403
L1_CAZyme;L2_Enzyme_Classes;L3_GlycosideHydrolases;L4_GH19	0	0	0	0	0	0	0	0	0	0	0	0	0	0	0	0	0	0	0	0	0	0	0.001112485	0	0	0	0	0	0	0	0	0	0	0.000430659
L1_CAZyme;L2_Enzyme_Classes;L3_GlycosideHydrolases;L4_GH2	0.084495021	0.125705732	0.167291951	0.144339478	0.137330689	0.134057127	0.156113513	0.137035522	0.102384629	0.136451131	0.132905101	0.120244787	0.117271154	0.129421604	0.128627581	0.107538309	0.143894751	0.125823168	0.138074016	0.148692463	0.13877551	0.099762785	0.091520396	0.121790235	0.105001932	0.100850051	0.143220477	0.127475423	0.098415858	0.146795812	0.137933446	0.123554102	0.125512898	0.112675021
L1_CAZyme;L2_Enzyme_Classes;L3_GlycosideHydrolases;L4_GH20	0.008250356	0.02416395	0.026110353	0.019047254	0.022076881	0.032104748	0.015634167	0.026485708	0.024463887	0.022204981	0.025961612	0.019081949	0.007214541	0.028606185	0.030820082	0.028707365	0.029346698	0.016580298	0.02175599	0.020869614	0.021536419	0.008864863	0.014758962	0.02986739	0.026885922	0.027099626	0.025379246	0.028274358	0.029099072	0.029323313	0.030980826	0.026012537	0.038550844	0.008308562
L1_CAZyme;L2_Enzyme_Classes;L3_GlycosideHydrolases;L4_GH23	0.027880512	0.00554707	0.003448537	0.00378454	0.005333558	0.005544942	0.004421894	0.00448247	0.023606107	0.003447124	0.005094823	0.004307185	0.003480477	0.00480888	0.004377345	0.004349975	0.007263259	0.005440603	0.003908633	0.003291849	0.005110337	0.003184924	0.00684796	0.008740205	0.004980465	0.006154369	0.004671801	0.006870272	0.002710831	0.00231692	0.005175127	0.004295448	0.007156716	0.002562944
L1_CAZyme;L2_Enzyme_Classes;L3_GlycosideHydrolases;L4_GH24	0.00284495	0.001603331	0.002046385	0.001571303	0.002168868	0.000931923	0.001119054	0.000320176	0.002436095	0.002307904	0.002255869	0.000397116	0.001382047	0.002566003	0.0017101	0.002965892	0.002055639	0.002511047	0.002181803	0.001670702	0.001294176	0.000888376	0.001236094	0.003224834	0.001768924	0.003196192	0.001695557	0.00318724	0.00349443	0.001819015	0.002552596	0.002060507	0.001494958	0.001533565
L1_CAZyme;L2_Enzyme_Classes;L3_GlycosideHydrolases;L4_GH25	0.007965861	0.000562306	0.001610581	0.000737746	0.00307186	0.006803038	0.005160688	0.004606983	0.005798593	0.001738294	0.002743366	0.001669925	0.001971636	0.000209082	0.001429337	0.001408799	0.000254508	0.002547975	0.001333899	0.000495547	0.00182512	0.003874833	0.001878863	0.000150693	0.000669787	0.000646039	0.003156623	0.002804771	0.000889491	0.000955979	0.00446413	0.0010139	0.00187665	0.002846549
L1_CAZyme;L2_Enzyme_Classes;L3_GlycosideHydrolases;L4_GH26	0	0.001230994	0.002406397	0.001044341	0.006354699	0.001770654	0.003270246	0.002454686	0.0039801	0.003162319	0.002303663	0.001476458	0.008805797	0.004200642	0.00704459	0.002595156	0.003426066	0.004061988	0.003856932	0.003985615	0.006188817	0.008146601	0.008281829	0.005816757	0.000815766	0.000986059	0.002200617	0.003895515	0.004394511	0.001878763	0.003147037	0.001831562	0.006138872	0.011428211
L1_CAZyme;L2_Enzyme_Classes;L3_GlycosideHydrolases;L4_GH27	0	0.002135242	0.002027437	0.0008623	0.002751171	0.009598807	0.002585776	0.001796546	0.005249614	0.00203292	0.002647779	0.00086551	0.000133133	0.001900743	0.003522295	0.002953534	0.00299536	0	0.001809552	0.000792875	0.000530944	0.001956318	0.000271941	0.000934298	0	0.000442027	0.002020238	0.001841516	0.001238934	0.003472061	0.005373274	0.001711638	0.006997678	0.000819302
L1_CAZyme;L2_Enzyme_Classes;L3_GlycosideHydrolases;L4_GH28	0.027596017	0.029999772	0.013396241	0.040029893	0.015764378	0.030334094	0.009984572	0.016702538	0.012214788	0.01754989	0.022807219	0.03129073	0.032446414	0.013267187	0.01533985	0.02324518	0.00323029	0.01329378	0.018705601	0.017641479	0.014318898	0.030847454	0.031149567	0.006449668	0.032330085	0.024481469	0.014791032	0.019165935	0.021072472	0.013436809	0.037251588	0.014674298	0.005566335	0.036763547
L1_CAZyme;L2_Enzyme_Classes;L3_GlycosideHydrolases;L4_GH29	0.0056899	0.017758224	0.017261634	0.020503583	0.016827714	0.025674479	0.0082571	0.013571924	0.010808029	0.009261078	0.015599908	0.015874471	0.01654019	0.013134135	0.012583272	0.016423628	0.015035533	0.023571842	0.010319619	0.016940633	0.013273602	0.006256438	0.008924598	0.020644967	0.014881285	0.014314859	0.020346687	0.014250503	0.015989665	0.016125499	0.015082464	0.014816026	0.01300932	0.008045965
L1_CAZyme;L2_Enzyme_Classes;L3_GlycosideHydrolases;L4_GH3	0.012233286	0.033806734	0.039961346	0.017782547	0.03660914	0.029495364	0.055105278	0.037140469	0.032767198	0.032674026	0.033121129	0.03640233	0.025941916	0.043279922	0.027769979	0.048838359	0.039311654	0.036705604	0.041402558	0.038334112	0.039472374	0.027388457	0.023040791	0.033242917	0.022824267	0.032097926	0.021934018	0.031178287	0.026991825	0.036479875	0.024640131	0.031877896	0.037596616	0.037971492
L1_CAZyme;L2_Enzyme_Classes;L3_GlycosideHydrolases;L4_GH30	0	0.008244618	0.015840534	0.010682942	0.01175577	0.003354923	0.005345386	0.01154414	0.006587751	0.009722659	0.009424945	0.011343271	0.004279275	0.008838456	0.007287067	0.010776075	0.007204526	0.011779766	0.015469088	0.008381826	0.008926497	0.013108278	0.008133498	0.006660639	0.015619767	0.006936416	0.006674002	0.009165085	0.017461561	0.007959849	0.004883734	0.009877351	0.004230414	0.002310852
L1_CAZyme;L2_Enzyme_Classes;L3_GlycosideHydrolases;L4_GH31	0.036415363	0.021246039	0.028118842	0.012800368	0.023579054	0.022832114	0.026585689	0.024457923	0.023125751	0.027076131	0.022759425	0.015416259	0.027913552	0.030525936	0.023864826	0.028596144	0.032557411	0.021873192	0.023699966	0.025350777	0.020574083	0.015896268	0.0176267	0.022483424	0.01971577	0.027405644	0.034560508	0.022069864	0.024577492	0.037090639	0.027017891	0.022578359	0.017907694	0.02390681
L1_CAZyme;L2_Enzyme_Classes;L3_GlycosideHydrolases;L4_GH32	0	0.004992363	0.008697135	0.00412946	0.006042449	0.014724384	0.003237652	0.006599192	0.005489792	0.007051383	0.010505085	0.002759449	0.007487146	0.005987341	0.006342684	0.006438458	0.005775368	0.00612991	0.005242532	0.008849056	0.008163265	0.007267675	0.011866502	0.006118143	0.004551114	0.002516151	0.007593932	0.005113749	0.00582405	0.007130006	0.007914214	0.006301445	0.002989917	0.009894646
L1_CAZyme;L2_Enzyme_Classes;L3_GlycosideHydrolases;L4_GH33	0	0.004323675	0.004187509	0.007559499	0.004759695	0.010670519	0.003139871	0.003397428	0.001612627	0.003221245	0.003345569	0.004775578	0.006910237	0.003687442	0.005819444	0.008082056	0.000978876	0.003877353	0.004549732	0.006151864	0.004778497	0.006010717	0.005809642	0.007805907	0.006998411	0.006460388	0.006637926	0.006374479	0.005898174	0.004627202	0.008240573	0.003881167	0.004198607	0.001554573
L1_CAZyme;L2_Enzyme_Classes;L3_GlycosideHydrolases;L4_GH35	0	0.004012128	0.005438078	0.004244433	0.003485379	0.000978519	0.005997262	0.003041676	0.001200892	0.004439032	0.005027912	0.003960981	0.001432765	0.004751858	0.002373721	0.004078102	0.005422972	0.003064955	0.005604442	0.005918249	0.005160113	0.005301906	0.002793572	0.003586498	0.003718174	0.003026182	0.004942369	0.00861263	0.002795544	0.006990593	0.009569322	0.005778141	0.003244378	0.009421972
L1_CAZyme;L2_Enzyme_Classes;L3_GlycosideHydrolases;L4_GH36	0	0.006618491	0.013055177	0.010951213	0.018962825	0.031498998	0.020827448	0.011526352	0.021856236	0.007228158	0.007627896	0.005783643	0.013446433	0.010701184	0.018338906	0.011962432	0.012372991	0.005748329	0.013297625	0.008282717	0.010701842	0.018684258	0.0215822	0.019620253	0.005169379	0.01349881	0.01538628	0.014179675	0.009233767	0.016576933	0.008718457	0.01179613	0.018989154	0.021322857
L1_CAZyme;L2_Enzyme_Classes;L3_GlycosideHydrolases;L4_GH37	0	0	0	0	0.001848179	0	0	0.000871591	0.001269514	0	0	0	0	0	0.000650859	0	0	0	0.000155104	0	0.001343952	0	0	0.001928873	0	0	0	0	0	0	0	0.00040338	0.002067496	0
L1_CAZyme;L2_Enzyme_Classes;L3_GlycosideHydrolases;L4_GH38	0	0.001291783	0.001667425	0.001437167	0.001004262	0	0.004965125	0.001067255	0.000514668	0.004635449	0.002303663	0.002138319	0	0.005816274	0.004619822	0.00443648	0.000606903	0.000590835	0.004322245	0.001458324	0.003052928	0	0.000865266	0.002079566	0.000729896	0.002074124	0.000306643	0.001997337	0.000338854	0.004235516	0.000372982	0.001493595	0.003721492	0.000115543
L1_CAZyme;L2_Enzyme_Classes;L3_GlycosideHydrolases;L4_GH39	0	0	0	0.000459893	0.001704713	0	0.00028248	0	0.001200892	0.000599073	0	0	0	0.000513201	0.000382858	0.001124567	0	0.000320035	0	0	0.000713456	0	0	0	0	0	0	0	0.000921259	0.000238995	0	0	0	0
L1_CAZyme;L2_Enzyme_Classes;L3_GlycosideHydrolases;L4_GH4	0.00227596	0	0.000246324	0	0.000843917	0	0.0012277	0.000551415	0.001406759	0.000707102	0.000630879	0.000417481	0	0	0.000306287	0.000988631	0.00023493	0.000726234	0.000155104	7.79E-05	0.000215696	0.000189016	0.000420272	0	0.000412176	0	0.00142499	0.000141655	0	0.000385047	0.000186491	0	0.000763383	0
L1_CAZyme;L2_Enzyme_Classes;L3_GlycosideHydrolases;L4_GH42	0	0.002203631	0.004092769	0.001485073	0.004236466	0	0.003541861	0.003023889	0.010808029	0.003535512	0.005305116	0.001507006	0.00037404	0.002508981	0.003101151	0.003373702	0.00268212	0.002043303	0.003350257	0.0041272	0.004795089	0	0.000568603	0.001205546	0.001142072	0.001020061	0.001046195	0.003739695	0.006078191	0.00258247	0	0.001635323	0.002799071	0.001586084
L1_CAZyme;L2_Enzyme_Classes;L3_GlycosideHydrolases;L4_GH43	0.046657183	0.057051238	0.034333788	0.069012762	0.037976286	0.002749173	0.040926968	0.041747452	0.039457883	0.050881914	0.038512273	0.054863148	0.057722665	0.029841668	0.037954006	0.037753337	0.028211202	0.050467129	0.055796255	0.055770293	0.051800232	0.071325288	0.042422744	0.021488849	0.051178567	0.041210473	0.030772561	0.040541689	0.070852217	0.031733176	0.055329565	0.055143091	0.013518242	0.074367404
L1_CAZyme;L2_Enzyme_Classes;L3_GlycosideHydrolases;L4_GH44	0	0	0	0	0	0	0	0	0	0	0	0	0	0	0	0	0	0	0	0	0	0	0.000741656	0	0	0	0	0	0	0	0	0	0	0
L1_CAZyme;L2_Enzyme_Classes;L3_GlycosideHydrolases;L4_GH49	0	0	0	0	0	0	0	0	0	0	0	0	0	0	0	0	0	0	0	0	0	0	0	0	0	0	0.000649362	0	0	0	0	0	0	0
L1_CAZyme;L2_Enzyme_Classes;L3_GlycosideHydrolases;L4_GH5	0	0.006762867	0.01008034	0.002960564	0.009114309	0.00750198	0.012831099	0.010103346	0.009915938	0.009153048	0.009061711	0.006190942	0.021066712	0.012544905	0.013438322	0.006957489	0.01151158	0.00808705	0.008613469	0.011185207	0.013655218	0.022058198	0.020197775	0.010488246	0.000678374	0.008772526	0.005663883	0.005312066	0.004680418	0.00258247	0.010315286	0.005472881	0.004516683	0.016533092
L1_CAZyme;L2_Enzyme_Classes;L3_GlycosideHydrolases;L4_GH50	0	0	0	0	0	0	0	0.002917163	0	0.000363372	0	0	0	0	0	0	0	0	0	0.000148664	0	0	0	0	0	0	0	0	0.000995383	0.000451434	0.000291392	0.00045789	0	0.000399147
L1_CAZyme;L2_Enzyme_Classes;L3_GlycosideHydrolases;L4_GH51	0.011664296	0.017895001	0.015158405	0.016814855	0.014574455	0.006570057	0.01707916	0.015101656	0.015748842	0.014279541	0.014146976	0.017289834	0.024813455	0.016954629	0.016475663	0.011641127	0.018363711	0.01107815	0.020835703	0.016530037	0.019993363	0.03579023	0.012459827	0.017751658	0.013567472	0.017035022	0.011435993	0.014377992	0.007613622	0.011803679	0.022845154	0.013420551	0.006520564	0.033769944
L1_CAZyme;L2_Enzyme_Classes;L3_GlycosideHydrolases;L4_GH53	0.016785206	0.00579023	0.004111717	0.005173801	0.003957973	0.003587904	0.003650507	0.004553621	0.002710585	0.002631992	0.003135276	0.002912186	0.005369698	0.002204862	0.00289696	0.002879387	0	0.001514014	0.001457982	0.005564287	0.003948897	0.004659251	0.003955501	0	0.001159246	0.002312139	0	0.006020342	0.002763777	0.002927684	0.004615654	0.003586808	0.002862686	0.005619571
L1_CAZyme;L2_Enzyme_Classes;L3_GlycosideHydrolases;L4_GH55	0	0	0.002539033	0	0.001232119	0	0.005682189	0.00441132	0	0.001492772	0	0.001863392	0	0.005265059	0	0.003460208	0	0.001624795	0.00139594	0.004523638	0.002754272	0	0	0	0	0	0.000739552	0.002252316	0	1.33E-05	0	0.000893977	0	0
L1_CAZyme;L2_Enzyme_Classes;L3_GlycosideHydrolases;L4_GH57	0	0.003928542	0.001951645	0.002098264	0.003130934	0.010344346	0.003150736	0.001067255	0.003945788	0.003103394	0.004425709	0.003991528	0.004735731	0.003725457	0.00408382	0.000753831	0.007380724	0.002904937	0.002440311	0.002831698	0.002372656	0.005386964	0.006946848	0.005666064	0.004207634	0.005916355	0.003860098	0.003654702	0.001281291	0.001911957	0.004417507	0.004262742	0.008269983	0.00618678
L1_CAZyme;L2_Enzyme_Classes;L3_GlycosideHydrolases;L4_GH59	0	0	0	0	0.000776404	0	0	0	0	0.000176776	0	0	0	0	0.00033181	0	0	0	0	0	0	0.000756065	0	0	0	0	0	0	0	0	0	0	0	0
L1_CAZyme;L2_Enzyme_Classes;L3_GlycosideHydrolases;L4_GH63	0.008250356	0.009217255	0.016844778	0.010347603	0.008835816	0	0.010440886	0.010583611	0.007822954	0.008318275	0.010772731	0.008706012	0.001027026	0.012830017	0.006534113	0.013235294	0.003798038	0.009477973	0.008024072	0.012070113	0.010950722	0.00104904	0	0.012477396	0.009265381	0.013090785	0.002741752	0.005113749	0.00465924	0	0	0.008798038	0	0
L1_CAZyme;L2_Enzyme_Classes;L3_GlycosideHydrolases;L4_GH65	0	0.000995433	0.003562225	0.002040777	0.00337567	0	0.002748745	0.003682029	0.003808543	0.003123036	0.004148505	0.004001711	0.00019653	0.004998955	0.003330866	0.004164607	0.00559917	0.00144016	0.003226173	0.002470657	0.001708976	0.000217369	0	0.00509343	0.003675239	0.005610337	0.002597449	0.001714027	0.000561227	0.000584209	0	0.003314255	0.003339801	0
L1_CAZyme;L2_Enzyme_Classes;L3_GlycosideHydrolases;L4_GH66	0	0.00161093	0.003429589	0	0.002033841	0.004985788	0.002792204	0.002739287	0	0.001718652	0.002045576	0.001435728	0.009851842	0	0.002156768	0.002879387	0.00291705	0.002757228	0.002853923	0.003256453	0.003434545	0	0	0.002079566	0.000188914	0.001564094	0.001262649	0.002790605	0.002149604	0.005403934	0	0.002115018	0.002576418	0
L1_CAZyme;L2_Enzyme_Classes;L3_GlycosideHydrolases;L4_GH67	0	0.012416319	0.003050629	0.006754685	0.004675303	0.002842365	0	0.004073356	0.003877166	0.005381835	0.004664678	0.011546921	0.009560217	0.003022182	0.004390107	0.007179931	0.000841833	0.002535665	0.006111117	0.004714777	0.003052928	0.010594362	0.005216316	0.002531646	0.009668971	0.005066304	0.005303126	0.002124826	0.012061078	0.002416501	0.007786002	0.004088307	0.001526766	0.015409178
L1_CAZyme;L2_Enzyme_Classes;L3_GlycosideHydrolases;L4_GH73	0.026173542	0.00525072	0.003619069	0.006898402	0.004709059	0.002236615	0.006073314	0.007079457	0.002950763	0.003653363	0.003813948	0.008115428	0.006263591	0.008135181	0.005589729	0.003361345	0.007791852	0.005305203	0.003040048	0.001699019	0.003235441	0.005273554	0.004004944	0.019559976	0.004740028	0.005066304	0.005717996	0.003045585	0.006671185	0.007103451	0.007075004	0.004568002	0.0075066	0.006543911
L1_CAZyme;L2_Enzyme_Classes;L3_GlycosideHydrolases;L4_GH74	0	0.000319147	0.000606336	8.62E-05	0.000438837	0	0.00110819	0.000551415	0	0.000491043	0.000353674	0.000397116	3.80E-05	0.000513201	0.000344572	0.000593178	0.000587326	0.00039389	0.000454973	0.000545102	0.00049776	0.000368582	0	0.00021097	0	0.000578035	0.000360757	0.000254979	0	0	0	0.000337967	0	0
L1_CAZyme;L2_Enzyme_Classes;L3_GlycosideHydrolases;L4_GH76	0	0.00196807	0.005854934	0	0.002953711	0	0.006105908	0.004197869	0.000651913	0.006972816	0.002188958	0.005539264	0.000202869	0.007983121	0.010962505	0.005635195	0.002701697	0.003286518	0.004756538	0.005111215	0.005541729	0.000255172	0.000939431	0.006027728	0.000729896	0.001020061	0.000631325	0.002762274	0.006395866	0.013297396	0.001561863	0.004382666	0.006743217	0
L1_CAZyme;L2_Enzyme_Classes;L3_GlycosideHydrolases;L4_GH77	0.011948791	0.014984689	0.015044717	0.013739317	0.017696949	0.020688691	0.017187806	0.016257849	0.01883685	0.015222344	0.019375621	0.015324617	0.01350983	0.016555473	0.014408229	0.017511122	0.020575971	0.029627897	0.01382498	0.010802928	0.015828771	0.018655905	0.025315204	0.016033755	0.015018677	0.019211153	0.022655531	0.013825538	0.008704308	0.010130717	0.015502069	0.012286727	0.005407297	0.019096037
L1_CAZyme;L2_Enzyme_Classes;L3_GlycosideHydrolases;L4_GH78	0	0.013692905	0.018891163	0.013327329	0.017131525	0	0.023597923	0.01588431	0.010876651	0.019445317	0.015169764	0.015120968	0.022226871	0.020223908	0.015033564	0.023418191	0.017678498	0.017380387	0.0235035	0.018271532	0.018300979	0.014232925	0.011495674	0.011030741	0.022094371	0.019925196	0.03270261	0.024152194	0.01760981	0.027716738	0.014884317	0.022949032	0.01943446	0.001670115
L1_CAZyme;L2_Enzyme_Classes;L3_GlycosideHydrolases;L4_GH79	0	0	0	0	0	0	0	0	0	0	0	0	0	0	0	0	0	0	0	0	0	0	0	0	0.000240436	0	0	0	0	0	0	0	0	0
L1_CAZyme;L2_Enzyme_Classes;L3_GlycosideHydrolases;L4_GH8	0.003129445	0.001048624	0	0.000871881	0.001519051	0	0.001292888	0	0.002744896	0.002190053	0.001309551	0.000560036	0.003379042	0	0	0.000148295	0	0.001612486	0.001654448	0	0.000713456	0.003988243	0	0	0.000369241	0	0	0	0.001397772	0	0.00278571	0.000370673	0	0.005199416
L1_CAZyme;L2_Enzyme_Classes;L3_GlycosideHydrolases;L4_GH84	0	0.001291783	0.001458997	0	0.001898814	0.003587904	0.002998631	0.003201765	0.002024361	0.00180704	0.001835283	0.000560036	0.006732726	0.002242877	0.001199622	0.00081562	0.004855224	0.002104849	0.00136492	0.001635306	0.002588352	0.00790088	0.005859085	0	0.001270877	0	0.002687639	0.002294813	0.001058918	0.002137674	0.003974591	0.001297356	0.001844842	0.000388643
L1_CAZyme;L2_Enzyme_Classes;L3_GlycosideHydrolases;L4_GH85	0	0	0	0	0.000362885	0.019151018	0	0	0	0.000255343	0.000286763	0	0	0	0.000306287	0	0	0	0	0	0.000431392	0	0.002991347	0	0	0	0	0.001657365	0	0.000179246	0	0	0	0
L1_CAZyme;L2_Enzyme_Classes;L3_GlycosideHydrolases;L4_GH86	0	0	0	0	0	0	0	0	0	0	0	0	0	0.000380149	0	0	0	0	0	0	0	0	0	0	0	0	0	0	0	0	0	0	0	0
L1_CAZyme;L2_Enzyme_Classes;L3_GlycosideHydrolases;L4_GH88	0.004836415	0.0125303	0.006347582	0.007904419	0.005426389	0	0.006975077	0.013571924	0.005386859	0.00939857	0.012579338	0.010162105	0.001128461	0.008933493	0.008078307	0.005585764	0.01143327	0.009293337	0.007848287	0.00552889	0.007980753	0.000642655	0.007540173	0.006600362	0.011403546	0.007650459	0.006403434	0.007366065	0.008376043	0.007096813	0.000279737	0.00779504	0.007633831	0.000598721
L1_CAZyme;L2_Enzyme_Classes;L3_GlycosideHydrolases;L4_GH89	0	0.007135204	0.005438078	0.012100947	0.003957973	0.013140115	0.001955629	0.006314591	0.004975124	0.005489865	0.005391145	0.00581419	0.002161826	0.001691661	0.006304398	0.005400395	0.000587326	0.006671508	0.006328263	0.006038596	0.004994193	0.003392842	0.00855377	0.00596745	0.005727534	0.00299218	0.007539819	0.003116412	0.010335042	0.010821146	0.010257008	0.00698828	0.007252139	0.003760386
L1_CAZyme;L2_Enzyme_Classes;L3_GlycosideHydrolases;L4_GH9	0.001422475	0.021663969	0.027512506	0.001762925	0.014498502	0	0.025846896	0.018054394	0.009950249	0.01392599	0.016718284	0.017860052	0.001844843	0.017790956	0.010720029	0.014087988	0.021339494	0.017281914	0.015055476	0.018583018	0.02402522	0	0.00487021	0.017239301	0.012382465	0.014314859	0.006962608	0.013046435	0	0.000504544	0.006830235	0.009441265	0.001367728	0.000546201
L1_CAZyme;L2_Enzyme_Classes;L3_GlycosideHydrolases;L4_GH91	0	0	0	0.000986855	0	0	0	0	0	0	0	0	0	0	0	0	0	0	0	0	0	0	0	0	0.001322399	0.000952057	0	0	0.000698886	0	0.000279737	0.000795857	0.002321957	0
L1_CAZyme;L2_Enzyme_Classes;L3_GlycosideHydrolases;L4_GH92	0.076813656	0.038730709	0.035432772	0.036149542	0.035900249	0.041843344	0.03564677	0.046496736	0.030125236	0.047081238	0.035224058	0.044792685	0.025555196	0.05943624	0.061716736	0.071304993	0.053466199	0.039388978	0.040895884	0.049016693	0.042823959	0.015064596	0.034289246	0.062537673	0.047125499	0.039204352	0.044373095	0.051349973	0.056133254	0.074619434	0.032367854	0.043194331	0.075161424	0.00209027
L1_CAZyme;L2_Enzyme_Classes;L3_GlycosideHydrolases;L4_GH93	0	0	0	0	0	0.003121942	0	0.000409114	0	0	0	0	0.000133133	0	0	0	0.000724368	0	0	0.000424755	0	0	0	0	0	0	0.000270568	0.000198317	0	0.001234806	0	0.000130826	0	0.00046217
L1_CAZyme;L2_Enzyme_Classes;L3_GlycosideHydrolases;L4_GH94	0.011379801	0	0.006612854	0.002241981	0.016127263	0.016262057	0.013928424	0.009160604	0.032458398	0.007866515	0.008947006	0.004317367	0.014429081	0.006747638	0.00750402	0.007439446	0.009338476	0.007090016	0.007165827	0.006265132	0.008943089	0.022483485	0.022224969	0.00994575	0.002661972	0.000986059	0.003787947	0.002974757	0.001853107	0.000803288	0.012506556	0.002976288	0.007602023	0.017541464
L1_CAZyme;L2_Enzyme_Classes;L3_GlycosideHydrolases;L4_GH95	0	0.034627396	0.031415795	0.035344728	0.011519473	0.045058478	0.011114491	0.020669169	0.009504203	0.017520427	0.019910912	0.024926686	0.040307601	0.015205946	0.018504811	0.027014335	0.010336929	0.016026391	0.02385507	0.021712045	0.012327858	0.032378486	0.017527812	0.01416516	0.038547078	0.024617477	0.024044445	0.027665241	0.039698844	0.033592023	0.027414185	0.035693649	0.016412736	0.04385366
L1_CAZyme;L2_Enzyme_Classes;L3_GlycosideHydrolases;L4_GH97	0.044096728	0.059505627	0.062301046	0.042386847	0.042406853	0.022039979	0.057712783	0.068909088	0.027140161	0.065240022	0.046417374	0.058192815	0.070218148	0.077170174	0.057160724	0.036875927	0.06568257	0.043254022	0.062962082	0.057419757	0.055135225	0.05647806	0.043114957	0.057805907	0.047975613	0.049268956	0.062266635	0.046647024	0.036151468	0.037329633	0.04546885	0.047773235	0.045834791	0.059441404
L1_CAZyme;L2_Enzyme_Classes;L3_GlycosideHydrolases;L4_GH98	0	0	0	0	0	0	0	0	0	0	0	0.000672043	0	0	0	0	0	0	0	0	0	0.001030139	0.001829419	0	0	0	0	0	0	0	0	0.000207141	0	0.007447244
L1_CAZyme;L2_Enzyme_Classes;L3_GlycosideHydrolases;L4_GH99	0	0	0.001856905	0	0.000582303	0	0.000456313	0	0.000892091	0.001325817	0.000353674	0	0.001863862	0.001615632	0.002271625	0.000778547	0.00015662	0.000972415	0.000620418	0.000771638	0.000796416	0.00127586	0.002645241	0.001235684	0.000188914	0	0.001046195	0	0.001895464	0.002283726	0	0	0	0.001733139
L1_CAZyme;L2_Enzyme_Classes;L3_GlycosylTransferases;L4_GT1	0	0	0	0	0.000565425	0	0	0	0.000926402	0	0	0	0	0	0	0	0	0.000824707	0	0	0	0	0.000543881	0.000783605	0.000549569	0	0	0.000524124	0	0.000458073	0	0	0.000763383	0.000504186
L1_CAZyme;L2_Enzyme_Classes;L3_GlycosylTransferases;L4_GT10	0	0	0	0	0.000194101	0	0	0	0.000377423	0	0	0	0	0	0	0	0	0	0	0	0	0	0	0	0	0	0	0	0	0.000152691	0	0	0	0
L1_CAZyme;L2_Enzyme_Classes;L3_GlycosylTransferases;L4_GT101	0	0	0	0	0	0	0	0	0	0.000147313	0	0.000386934	0	0	0.000523239	0.000383094	0	0.000209254	0	0	0	0	0	0	0	0	0	0	0.000201194	0.001082115	0.000151524	0.000446988	0	0
L1_CAZyme;L2_Enzyme_Classes;L3_GlycosylTransferases;L4_GT104	0	0	0	0	0	0	0	0	0	0	0	0	0	0	0	0	0	0	0	0	0	0	0	0	0	0	0	0.000269145	0	0	0	0	0	0
L1_CAZyme;L2_Enzyme_Classes;L3_GlycosylTransferases;L4_GT11	0.003698435	0.000531911	0	0.000488637	0.000135027	0	0	0	0	6.87E-05	0	0	0	0.001197468	0	0.002558082	0	0	0	0	0.000232288	0	0	0	0	0	0	0.000212483	0.000434156	0	0	0.000730444	0.000572537	0
L1_CAZyme;L2_Enzyme_Classes;L3_GlycosylTransferases;L4_GT12	0	0	0	0	0	0	0	0	0	0	0	0	0	0	0	0	0	0	0	0	0	0	0	0	0	0	0	0	0	0	6.99E-05	0.000119924	0	0
L1_CAZyme;L2_Enzyme_Classes;L3_GlycosylTransferases;L4_GT14	0	0.001185401	0.002823253	0.00060361	0.000945188	0	0.003237652	0.001921059	0.001544004	0.003113215	0.001433815	0.001598648	0.00285919	0.003858509	0.002322673	0.002310924	0.001761977	0.001612486	0.002378269	0.002470657	0.003119296	0.003751973	0.001236094	0	0.000231849	0.002346141	0.000649362	0.001076579	0	0	0.000116557	0.001101117	0.000413499	0
L1_CAZyme;L2_Enzyme_Classes;L3_GlycosylTransferases;L4_GT19	0	0.002735542	0.001686373	0.001245545	0.001873497	0.00787475	0.003400621	0.002917163	0.001887116	0.002759664	0.003546303	0.003859156	0.003017681	0.002794092	0.003739248	0.004609491	0.00512931	0.003446536	0.002512693	0.002725509	0.003666833	0.00383703	0.004746601	0.008468957	0.004207634	0.004046243	0.003517379	0.003654702	0.001376594	0.001467161	0.003636576	0.00339057	0.006456948	0.004443137
L1_CAZyme;L2_Enzyme_Classes;L3_GlycosylTransferases;L4_GT2	0.036984353	0.030630466	0.021468092	0.031435634	0.031883202	0.034108383	0.033528172	0.026788097	0.035546406	0.031731223	0.039372563	0.030598322	0.01958957	0.03012678	0.033512851	0.025222442	0.034573895	0.036065533	0.024330724	0.027594897	0.030131077	0.026358318	0.027194067	0.03761302	0.038624361	0.037198232	0.031566226	0.032141542	0.027902495	0.022272972	0.025968879	0.031136549	0.037628423	0.031511612
L1_CAZyme;L2_Enzyme_Classes;L3_GlycosylTransferases;L4_GT20	0	0	0.000985296	0.002768942	0.002109794	0	0.002640099	0.002614774	0	0	0.001672784	0.001822662	0	0.00058923	0	0.000902126	0	0.001920213	0	0.001139758	0.001377136	0	0	0	0.000601091	0.003264196	0.000937968	0.002549792	0.002943793	0.003505255	0	0.003085309	0	0
L1_CAZyme;L2_Enzyme_Classes;L3_GlycosylTransferases;L4_GT21	0	0	0	0.000622772	0.000599181	0	0.00014124	0.000604778	0	0.00034373	0.000449262	0.000651678	0.001014347	0	0.000421144	0	0	0.000480053	0.000258507	0.000552181	0.0004148	0.001143548	0.001013597	0	0.000626852	0.000646039	0	0.00056662	0.001154221	0	0.000874177	0.000534206	0	0.000934844
L1_CAZyme;L2_Enzyme_Classes;L3_GlycosylTransferases;L4_GT22	0	0	0	0	0	0	0	0	0	0	0	0	0	0	0	0	0	0	0	0	0	0	0	0.001235684	0	0	0	0	0	0	0	0	0	0
L1_CAZyme;L2_Enzyme_Classes;L3_GlycosylTransferases;L4_GT23	0	0.000402733	0.000928452	0.000574867	0.000236297	0	0	0.000498052	0	0	0.000124264	0	0	0	0.000816764	0.000519031	0	0.000763161	0.000320549	0.0003752	0.000199104	0	0	0.000602773	0.001030441	0	0	0.000481627	0.001715447	0.00068379	0	0.001079313	0.001463151	0
L1_CAZyme;L2_Enzyme_Classes;L3_GlycosylTransferases;L4_GT25	0	0	0	0	0	0	0	0	0	0	0	0	0	0.002394936	0	0	0	0	0	0	0	0	0	0	0	0	0	0	0	0	0	0	0	0
L1_CAZyme;L2_Enzyme_Classes;L3_GlycosylTransferases;L4_GT26	0	0.000797866	0.00066318	0.001322194	0.000497911	0.002469596	0	0	0.001784183	0.000687461	0.000143382	0.000763685	0.000906572	0.001444565	0.000625335	0	7.83E-05	0.00025849	0	0.000807034	0.0016592	0.000614303	0.001829419	0.00045208	0.000790005	0.00017001	0.001244611	0.000339972	0.002753187	0.000331937	0.001480273	0.000577814	0.000318076	0.000630232
L1_CAZyme;L2_Enzyme_Classes;L3_GlycosylTransferases;L4_GT27	0.009957326	0.003176268	0.003012733	0.002596482	0.003004346	0.006849634	0.004519676	0.002632562	0.003534054	0.003496229	0.002657337	0.005875285	0.002123788	0.003839501	0.00296077	0.002545724	0.005873255	0.004357406	0.003629445	0.002364468	0.003666833	0.002013023	0.004622991	0.005997589	0.003967198	0.005746345	0.005212937	0.003272233	0	0.001772544	0.002750743	0.004873262	0.004739336	0.001827673
L1_CAZyme;L2_Enzyme_Classes;L3_GlycosylTransferases;L4_GT28	0.007965861	0.002135242	0.002046385	0.001609627	0.003122495	0.003261731	0.002238109	0.001583095	0.005180992	0.002082024	0.002427927	0.00243361	0.001103102	0.003041189	0.002539626	0.002632229	0.003582686	0.003938898	0.002150782	0.001713177	0.00257176	0.0017484	0.003386897	0.004581073	0.001717402	0.003638218	0.003950288	0.002932261	0.00091067	0.001692879	0.002121336	0.002649223	0.003594262	0.002163797
L1_CAZyme;L2_Enzyme_Classes;L3_GlycosylTransferases;L4_GT3	0	0.003062287	0	0.001235964	0.002236381	0.004380038	0.001640555	0.001743183	0.003225253	0.002239158	0.003106599	0.00325839	0.000969969	0.003364315	0.002794865	0.000370737	0.005462127	0.00116936	0.001468322	0.001253026	0.001592832	0	0.003856613	0.008740205	0.005564381	0.002380143	0.003896174	0.003541377	0.000667118	0.000385047	0.002051402	0.003968384	0.009605903	0.004905308
L1_CAZyme;L2_Enzyme_Classes;L3_GlycosylTransferases;L4_GT30	0	0.005539472	0.002141125	0.001350937	0.001890375	0.001770654	0.000564959	0.002365748	0.001200892	0.002357008	0.002609543	0.001904122	0.002529527	0.002052803	0.001505909	0.001309936	0.00338691	0.002597211	0.00205772	0.001826445	0.001675792	0.002504466	0.00538937	0.00310428	0.002455884	0.002244135	0.002705677	0.001912344	0.001906053	0.000451434	0.002004779	0.002594712	0.002449187	0.002783526
L1_CAZyme;L2_Enzyme_Classes;L3_GlycosylTransferases;L4_GT31	0	0	0	0	0	0	0	0	6.86E-05	4.91E-05	0	0	0	0	0	0	0	0	0	0	0	0	0	0	0	0	0	0	0	0	0	0	0.000190846	0
L1_CAZyme;L2_Enzyme_Classes;L3_GlycosylTransferases;L4_GT32	0.000284495	0.000113981	0	0.00025869	0	0	0.000195563	0	3.43E-05	7.86E-05	0.000172058	9.16E-05	0.000240907	0.000456178	0.000165905	0.000321305	0	0.000283108	3.10E-05	0.000141585	9.96E-05	0.000207918	0	0	6.01E-05	0	0.000342719	0.000439131	0.000222373	1.33E-05	5.83E-05	6.54E-05	0	0
L1_CAZyme;L2_Enzyme_Classes;L3_GlycosylTransferases;L4_GT35	0.046941679	0.010121504	0.013737305	0.011938068	0.020819444	0.028889614	0.0165142	0.015937672	0.036061074	0.01765792	0.024785884	0.018084066	0.00951584	0.011518504	0.013068225	0.011814137	0.024843869	0.020051452	0.015065816	0.00918886	0.016260163	0.017493455	0.020667491	0.023297167	0.019930445	0.03216593	0.016973611	0.018811797	0.005802872	0.012188726	0.015676904	0.017530662	0.023028722	0.017037278
L1_CAZyme;L2_Enzyme_Classes;L3_GlycosylTransferases;L4_GT39	0	0	0	0	0.000607621	0	0	0	0.001681249	0	0	0	0	0.000532208	0	0	0	0	0	0	0	0.00011341	0	0	0	0	0	0	0.000116481	0	0	0	0.000890614	0
L1_CAZyme;L2_Enzyme_Classes;L3_GlycosylTransferases;L4_GT4	0.016500711	0.009384427	0.009019251	0.016671138	0.016135702	0.015609711	0.010430021	0.009320692	0.016503688	0.014986644	0.013458744	0.011577468	0.007252579	0.012259794	0.018326144	0.008860603	0.013919615	0.012850654	0.008520407	0.011963924	0.016110835	0.008467929	0.012410383	0.016305003	0.011214632	0.018157089	0.011435993	0.017055274	0.015259011	0.009446927	0.008531966	0.014369038	0.02172461	0.006501896
L1_CAZyme;L2_Enzyme_Classes;L3_GlycosylTransferases;L4_GT5	0	0	0.0009474	0.001734182	0.004574033	0.002096827	0.002564047	0.000693716	0.009023846	0.002906977	0.001682343	0.000794233	0.000114114	0.000418164	0.001352766	0.001248146	0.000763523	0.004418951	0.00137526	0.00055926	0.00116144	0.002116982	0.008207664	0	0.001073376	0.003094186	0.003968326	0.001175737	0.000540048	0.002622302	0.003659887	0.000141728	0.001367728	0.000441163
L1_CAZyme;L2_Enzyme_Classes;L3_GlycosylTransferases;L4_GT51	0.0056899	0.002758338	0.001989541	0.002807266	0.00399173	0.010623922	0.004074227	0.003255127	0.006450506	0.004556882	0.003813948	0.002759449	0.005851512	0.00429568	0.004760203	0.002990608	0.007615654	0.004234315	0.003174472	0.002583924	0.003650241	0.007097561	0.006946848	0.00596745	0.003512086	0.003774226	0.006980645	0.004773777	0.002170782	0.004507704	0.007646133	0.004524394	0.010401094	0.006428369
L1_CAZyme;L2_Enzyme_Classes;L3_GlycosylTransferases;L4_GT56	0	0	0	0	0	0	0	0	0	0	0	0	0	0	0	0	0	0.000467744	0	0	0	0	0	0	0	0	0	0	0	0	0	0	0	0
L1_CAZyme;L2_Enzyme_Classes;L3_GlycosylTransferases;L4_GT6	0	0.00035714	0	0	0	0	0	0	0	0	0	0.000356386	0	0	0	0	0	0	0	0	0	0	0	0	0	0	0	0	0	0	0	0	0	0
L1_CAZyme;L2_Enzyme_Classes;L3_GlycosylTransferases;L4_GT8	0	0.001428561	0	0.000718584	0.000548546	0	0.000771387	0.00051584	0.002333162	0.000176776	0.001175728	0.001476458	0	0.002508981	0.000102096	0	0	0.000307726	0.000196466	0	0.000945744	0.000680459	0.001804697	0.000813743	0.001768924	0.001054063	0.001280687	0	0	0	0	0.000348869	0.000986036	0.000420155
L1_CAZyme;L2_Enzyme_Classes;L3_GlycosylTransferases;L4_GT81	0	0	0	0	0	0	0	0	0	0	0.000334557	0	0	0	0	0	0	0	0	0	0	0	0.000741656	0	0	0	0	0	0	0	0	0	0	0
L1_CAZyme;L2_Enzyme_Classes;L3_GlycosylTransferases;L4_GT83	0.010810811	0.008221822	0.005949674	0.007722378	0.005038187	0.0036345	0.002944308	0.003646454	0.003602676	0.002347187	0.003727919	0.006241854	0.007677336	0.001368535	0.003164961	0.005202669	0.004072124	0.007311579	0.003960335	0.004601509	0.005757425	0.010433698	0.006081582	0.005786618	0.006225581	0.005984359	0.004707877	0.005397059	0.011076284	0.001599936	0.009009849	0.006039793	0.004802952	0.010839995
L1_CAZyme;L2_Enzyme_Classes;L3_GlycosylTransferases;L4_GT84	0	0	0	0	0	0	0	0	0	0	0	0	0	0	0.000433906	0	0.000665636	0	0	0	0	0	0	0	0	0	0	0	0	0	0	0	0	0
L1_CAZyme;L2_Enzyme_Classes;L3_GlycosylTransferases;L4_GT87	0	0	0	0	0.000244736	0	0	0	0	0	0	0	0.000133133	0	0.000472192	0	0.001272539	0	0	0	0	0	0	0	0.000472285	0.000374022	0	0.000453296	0	0.00015933	0	0.000163532	0.001431343	0
L1_CAZyme;L2_Enzyme_Classes;L3_GlycosylTransferases;L4_GT89	0	0	0	0	0	0	0	0	0	0	0	0	0	0	0	0	0	0	0	0	0	0	0.000988875	0	0	0	0	0	0	0	0	0	0	0
L1_CAZyme;L2_Enzyme_Classes;L3_GlycosylTransferases;L4_GT9	0	0.001208198	0.000738972	0.001245545	0.001907253	0.007408788	0.002466265	0.001796546	0.001887116	0.002455217	0.00186396	0.001405181	0.003030361	0.0028131	0.003458485	0.001248146	0.003876348	0.003594244	0.00206806	0.002229962	0.003036336	0.003260531	0.006749073	0.004761905	0.002490232	0.001224073	0.00142499	0.003371391	0.000963616	0.001838931	0.003426773	0.002899973	0.002989917	0.004653215
L1_CAZyme;L2_Enzyme_Classes;L3_GlycosylTransferases;L4_GT90	0	0.000197567	0	0.000162879	0.000278493	0	0.000249886	0	0.000240178	0.000274984	0.000372792	0.000285109	0.000145812	0	0.000497716	0	0.001037608	0.00025849	0.000175785	0	0	0	0.000642769	0.000934298	0.000686961	0.000884053	0.001118346	0.000439131	0	0	0	0.000665031	0.001399536	0.000283605
L1_CAZyme;L2_Enzyme_Classes;L3_GlycosylTransferases;L4_GT92	0	0	0	0.000632354	0	0.002516192	0	0	0	0	0	0	0	0	0	0.000692042	0	0	0	0	0	0.00023627	0	0	0	0	0	0	0	0	0	0	0	0
L1_CAZyme;L2_Enzyme_Classes;L3_GlycosylTransferases;L4_GT94	0	0	0	0	0	0.000232981	0.00028248	0	0	0	0	0	0.000107774	0	0	0	0	0	0	9.20E-05	0	0	0	0.000572634	0.000738483	0	0	0.001119075	0	0.002270449	0.000687686	0	0.001113267	0
L1_CAZyme;L2_Enzyme_Classes;L3_GlycosylTransferases;L4_GT99	0	0	0	0	0.000346006	0	0	0	0	0	0	0	0	0	0	0	0	0	0	0	0	0	0	0	0	0	0	0	0	0	0	0	0	0
L1_CAZyme;L2_Enzyme_Classes;L3_PolysaccharideLyases;L4_PL1	0	0.001975669	0.000492648	0.001264707	0.001291194	0.004286846	0.000662741	0.001227343	0.000308801	0.001453488	0.000334557	0.00173102	0.006010004	0.000494193	0.000727431	0.00467128	0.000176198	0.000603144	0.000103403	0.002520211	0	0.005490922	0.01421508	0	0.001940664	0.000884053	0	0.00110491	0.004246262	0.00432182	0	0.002551104	0.000254461	0.004180541
L1_CAZyme;L2_Enzyme_Classes;L3_PolysaccharideLyases;L4_PL10	0	0.004574433	0.001383204	0.003640823	0.001248998	0.004659615	0	0.001298493	0	0.001983815	0.004224975	0.003981346	0.00019653	0	0.001722862	0.004362333	0.00031324	0.001464778	0.003350257	0.0022512	0.001343952	0.000444188	0	0	0.004679919	0.003978239	0.000739552	0.001855682	0.006544115	0	0	0.003575906	0.000477114	0
L1_CAZyme;L2_Enzyme_Classes;L3_PolysaccharideLyases;L4_PL11	0	0.012021185	0.002747461	0.018309508	0.004987552	0	0.002172921	0.006599192	0.003122319	0.002916798	0.008124952	0.008868931	0.015830148	0.00066526	0.005640777	0.001507662	0.003915503	0.006683817	0.003277875	0.008551728	0.003500913	0.012758598	0.020494438	0	0.00519514	0.009180551	0.008333484	0.008796782	0.015852006	0.00811254	0.007284807	0.006541292	0.001653997	0.010629917
L1_CAZyme;L2_Enzyme_Classes;L3_PolysaccharideLyases;L4_PL12	0	0.000767471	0.001155828	0.003123443	0.000278493	0	0.000119511	0.001529732	0	0.000883878	0.001844842	0.00173102	5.71E-05	9.50E-05	0.001059241	0.000333663	0	0.000886252	0.000579057	0.000530943	4.98E-05	0.000746614	0.002175525	0.000482218	0.003074149	0.00149609	0.000216454	0.000807434	0.001927231	0.001825653	0.000944111	0.001940583	0.001431343	0.000115543
L1_CAZyme;L2_Enzyme_Classes;L3_PolysaccharideLyases;L4_PL13	0	0.002188433	0	0.000737746	0	0	0	0.000853804	0	0.000589252	0.002523515	0.002667807	0	0.001083424	0.000612573	0.000704399	0	0	0.000320549	0.00028317	0	0	0	0	0.00235284	0.001768106	0	0.000467462	0.000508281	0.002150952	0	0.00187517	0.000699768	0
L1_CAZyme;L2_Enzyme_Classes;L3_PolysaccharideLyases;L4_PL15	0	0.001382968	0.00132636	0.000459893	0.000151905	0	0	0.002009997	0	0.000461581	0.000908083	0.001211714	0.000101435	0.001235483	0.001033717	0.000840336	0.000117465	0.000320035	0.000165445	0.000707925	0.000348432	0	0.002521632	0	0.002146752	0.001360082	0	0.000949089	0.001133042	0.001274638	0	0.003205233	0.000763383	0
L1_CAZyme;L2_Enzyme_Classes;L3_PolysaccharideLyases;L4_PL17	0	0.000144376	0.000814764	0.000134136	8.44E-05	0	0	0.000533627	0	0.000137492	4.78E-05	6.11E-05	0	0	0.000676383	0.000346021	0	0.000221563	2.07E-05	0.000460151	0	0	0	0.000421941	0.000188914	0	0	0	0.000677708	0.000962617	0	0.000185337	0	0
L1_CAZyme;L2_Enzyme_Classes;L3_PolysaccharideLyases;L4_PL21	0	0.000402733	0	0.000124554	0	0	0	8.89E-05	0	4.91E-05	0.000324998	0.000539671	0	0	0	0	0	0	1.03E-05	0	0	0	0	0	0.000231849	0.000374022	0	0	0	0	0	0.000228945	0	0
L1_CAZyme;L2_Enzyme_Classes;L3_PolysaccharideLyases;L4_PL22	0.003129445	0.001322178	0.00018948	0.000488637	0.000346006	0	0	0.000551415	0	0.000549969	0.000802936	0.001120072	0.000729062	0.000475186	0.000612573	0.001062778	0.000704791	0.000800089	0.000878925	0	9.96E-05	0.000793868	0.000865266	0.000994575	0.001159246	0.000816049	0.001695557	0.000439131	0.000328265	0.001274638	0.000338015	4.36E-05	0.000349884	0.001176434
L1_CAZyme;L2_Enzyme_Classes;L3_PolysaccharideLyases;L4_PL25	0	0	0	0	0	0	0	0	0.001475382	0	0	0	0	0	0	0	0	0	0	0	0	0	0	0	0	0	0	0	0	0	0	0	0	0
L1_CAZyme;L2_Enzyme_Classes;L3_PolysaccharideLyases;L4_PL26	0.017354196	0.00512914	0.00674549	0.012263826	0.003730115	0	0.001640555	0	0.003534054	0.004890792	0.00473159	0.006140029	0.000735401	0.001444565	0.004326297	0.003633218	0.005148887	0.003052646	0.00345366	0.006973056	0.003633649	0.001323114	0.00091471	0.003556359	0.004834485	0.003434206	0.009181262	0.005127915	0.009731458	0.007076897	0	0.005156718	0	0
L1_CAZyme;L2_Enzyme_Classes;L3_PolysaccharideLyases;L4_PL27	0	0.003275051	0.004130665	0.00112099	0.002649901	0	0	0.002596987	0.001544004	0.000471402	0.002303663	0.002952916	0	0	0	0.002385072	0	0.00156325	0.00172683	0	0	0.001105745	0.002966625	0.000843882	0.003769696	0	0.000865816	0.002592288	0.007348892	0	0.000780931	0	0	0
L1_CAZyme;L2_Enzyme_Classes;L3_PolysaccharideLyases;L4_PL5	0	0	0	0	0	0	0	0	0	0	0	0	0	0	0	0	0	0	0	0	0	0	0	0	0	0	0	0	0	0	0	0.000130826	0	0
L1_CAZyme;L2_Enzyme_Classes;L3_PolysaccharideLyases;L4_PL6	0	0	0.001155828	0	0	0	0.000173834	0.000124513	0	8.84E-05	0	0	0	0	0.000906098	0	0	0.000233872	0	0.000884906	0	0	0	0	0	0	0	0.00012749	0	0.000471351	0	0.000381575	0	0
L1_CAZyme;L2_Enzyme_Classes;L3_PolysaccharideLyases;L4_PL8	0	0.010045516	0.004718054	0.003458782	0.002422043	0	0.003639643	0.004215657	0.001784183	0.003604258	0.006566873	0.010518491	0.001603936	0.004257665	0.004721917	0.00233564	0.005188042	0.003877353	0.003960335	0.003787396	0.003517505	0.000737163	0.000889988	0.002953586	0.00711863	0.006154369	0.009361641	0.002733943	0.001800161	0.003146763	0.000489539	0.002507495	0.002576418	0.001733139
L1_CAZyme;L2_Enzyme_Classes;L3_PolysaccharideLyases;L4_PL9	0	0.001481752	0	0.004493542	0.00020254	0.003587904	0.000445449	0.001440794	0	0	0.000324998	0	0.000158492	0	0.000995431	0	0.001566201	0.000553908	0	0.000261932	0	0.000283524	0.000568603	0	0	0.000816049	0.001082271	0.00028331	0.000444746	0.000464712	0	0.000784955	0.004007761	0.002993603
